Derivatives: Call Options - daily trades,,,,,,,,,,,,,,,,,,,,
Tuesday, January 14, 2014.,,,,,,,,,,,,,,,,,,,,
"XAO 5219.8 at 2014-01-14T16:38:35. Report at Tuesday, January 14, 2014. Processed Wednesday at 2014-01-15T01:00:04+11:00.",,,,,,,,,,,,,,,,,,,,
,,,,,,,,,,,,,,,,,,,,
,,,,,,,,,,,,,,,,,,,,
,,,,,,,,,,,,,,,,,,,,
ASX Code/Series,,Ex Price,Fair Value,Last Sale,Vol 000's,Open Int,Implied Volatility,Delta,Annual % Return,,,
CALL OPTIONS,
AGL Energy Last Sale Price $14.92,
Jan,14,15.00,.15,.13,15,1344,14.50,.47,21.59,,
Feb,14,14.51,.61,.60,531,89,16.70,.74,11.14,,
,
Asciano Last Sale Price $5.56,
Feb,14,5.50,.24,.23,200,-,26.10,.60,26.26,,
,
Amcor Last Sale Price $10.16,
Jan,14,9.83,.39,.29,80,2140,19.20,.82,11.62,,
Jan,14,10.50,.04,.07,70,471,16.90,.20,7.40,,
Feb,14,10.06,.36,.73,80,3888,21.60,.60,20.76,,
Feb,14,10.28,.26,.28,1800,700,22.00,.49,20.36,,
Feb,14,10.50,.15,.17,2000,1285,20.40,.37,11.98,,
Mar,14,8.05,2.13,2.12,10,45,27.00,.98,1.23,,
Mar,14,9.39,.87,-,100,165,23.00,.83,4.92,,
Mar,14,9.83,.56,.53,50,64,23.10,.69,11.07,,
Mar,14,10.50,.20,.20,100,560,21.20,.43,9.84,,
Mar,14,10.73,.12,.14,50,120,19.50,.32,5.66,,
Mar,14,10.95,.07,.09,100,110,19.40,.24,3.44,,
Apr,14,11.17,.07,.09,290,-,19.30,.23,2.69,,
Jun,14,8.94,1.35,1.40,50,150,24.50,.85,2.85,,
Sep,14,9.16,1.27,-,10,-,23.70,.80,3.80,,
Sep,14,10.06,.68,-,100,105,21.20,.65,8.17,,
Sep,14,10.73,.39,.41,20,20,20.10,.50,5.42,,
,
AMP Last Sale Price $4.42,
Jan,14,4.50,.04,.04,200,5820,17.10,.34,17.00,,
Jan,14,4.51,.03,.03,200,888,17.20,.32,14.57,,
Jan,14,4.60,.01,.01,197,8305,18.30,.17,7.29,,
Feb,14,4.40,.14,.14,62,2310,21.00,.58,22.94,,
Feb,14,4.51,.10,.10,100,1923,21.40,.44,17.43,,
Feb,14,4.70,.04,.04,40,2034,20.90,.24,7.34,,
Mar,14,3.01,1.31,1.29,6,1366,37.90,.99,-,,
Mar,14,4.40,.16,.47,400,600,20.80,.59,15.27,,
Mar,14,4.50,.11,.13,60,1303,20.80,.49,12.44,,
,
ANZ Banking Grp Last Sale Price $30.79,
Jan,14,31.00,.33,.30,322,1694,15.80,.46,22.66,,
Jan,14,31.01,.32,.40,15,1379,15.80,.45,22.31,,
Jan,14,31.50,.14,.14,1040,2622,15.10,.27,10.11,,
Jan,14,32.00,.05,.07,252,5346,14.50,.12,3.49,,
Jan,14,32.01,.05,.06,20,2550,14.50,.12,3.49,,
Jan,14,32.50,.02,.02,430,8775,15.20,.05,1.39,,
Jan,14,33.50,.01,.01,75,3853,18.00,.02,.42,,
Feb,14,29.50,1.66,-,100,-,18.70,.79,9.75,,
Feb,14,30.01,1.26,1.37,89,347,17.80,.71,12.78,,
Feb,14,31.00,.66,.63,85,2921,16.60,.51,17.25,,
Feb,14,32.00,.27,.27,256,3818,15.80,.29,7.11,,
Feb,14,32.01,.27,.35,3,1466,15.80,.29,6.98,,
Feb,14,32.50,.17,.33,400,5863,15.80,.20,4.35,,
Feb,14,32.51,.17,.21,25,112,15.80,.20,4.35,,
Feb,14,33.00,.09,.12,84,3347,15.50,.13,2.37,,
Feb,14,33.01,.09,.11,90,441,15.50,.13,2.37,,
Mar,14,26.01,5.00,5.27,4,1528,25.80,.95,3.65,,
Mar,14,28.01,3.12,3.08,1,1905,20.70,.88,5.44,,
Mar,14,31.50,.64,.75,4,1023,16.10,.45,10.39,,
Mar,14,32.00,.46,.55,411,9707,16.00,.36,7.47,,
Mar,14,32.50,.32,.32,20,3106,15.70,.28,5.12,,
Mar,14,32.51,.32,.32,141,12,15.70,.28,5.12,,
Mar,14,33.00,.20,.25,55,5076,15.30,.21,3.25,,
Mar,14,34.00,.09,.10,60,3701,15.40,.11,1.38,,
Apr,14,31.00,1.05,1.06,10,225,16.30,.56,12.45,,
Apr,14,31.50,.81,.94,70,89,16.00,.48,9.54,,
Apr,14,32.00,.60,.60,1633,240,15.70,.41,7.17,,
Apr,14,32.01,.60,.71,30,55,15.70,.40,7.11,,
Apr,14,32.50,.45,.66,36,945,15.50,.33,5.28,,
May,14,30.01,1.45,1.55,570,-,17.70,.69,5.80,,
May,14,31.00,1.23,1.40,60,85,17.70,.58,10.72,,
May,14,31.01,1.00,.90,10,40,17.70,.57,8.67,,
May,14,32.00,.72,-,36,-,16.30,.45,6.32,,
May,14,33.01,.32,.36,30,439,15.90,.33,2.75,,
Jun,14,30.51,1.31,2.11,50,30,17.10,.64,7.48,,
Jun,14,31.01,1.08,1.02,39,550,16.80,.59,7.77,,
Jun,14,32.01,.70,.72,12,1134,16.40,.48,5.06,,
Jun,14,32.50,.62,.61,25,922,16.20,.42,4.48,,
Jun,14,34.00,.28,.30,108,1883,16.10,.27,2.06,,
Sep,14,35.00,.33,.35,24,104,15.70,.27,1.53,,
Sep,14,40.01,.04,.05,250,-,15.90,.05,.16,,
,
Arrium Last Sale Price $1.54,
Feb,14,1.55,.09,.10,458,200,43.30,.54,47.25,,
Feb,14,1.75,.03,.03,794,148,42.00,.23,13.12,,
Jun,14,0.81,.72,.71,15,2555,67.80,.96,-,,
,
ASX Last Sale Price $36.09,
Jan,14,37.00,.13,.12,205,917,13.90,.23,7.44,,
Jan,14,38.00,.03,.05,19,256,15.50,.07,1.78,,
Jan,14,38.01,.03,.05,8,200,15.50,.07,1.78,,
Jan,14,38.50,.02,.03,29,339,17.00,.04,1.19,,
Jan,14,38.51,.02,.03,23,-,17.00,.04,1.19,,
Jan,14,39.00,.01,.01,1500,1500,17.40,.02,.54,,
Feb,14,38.00,.25,.26,39,1855,16.80,.23,5.62,,
Feb,14,40.00,.04,.04,200,370,17.20,.06,1.01,,
Mar,14,36.63,.52,.51,29,63,15.80,.49,7.20,,
Jun,14,36.13,1.28,-,260,60,15.70,.61,7.92,,
Dec,14,44.54,.20,.20,50,10,16.80,.19,.60,,
,
Alumina Last Sale Price $1.21,
Jan,14,1.10,.12,.12,500,5919,30.80,.94,8.87,,
Jan,14,1.11,.11,.12,153,153,32.30,.91,8.87,,
Jan,14,1.20,.04,.04,4470,5600,33.80,.57,53.23,,
Feb,14,1.00,.22,.22,120,120,32.20,.97,3.35,,
Feb,14,1.06,.17,-,500,500,37.20,.87,10.06,,
Feb,14,1.10,.13,.07,2000,16918,29.60,.85,10.06,,
Feb,14,1.11,.12,.04,200,1370,29.60,.83,10.06,,
Feb,14,1.15,.09,.09,150,751,29.40,.73,16.76,,
Feb,14,1.20,.06,.06,770,650,28.60,.58,30.17,,
Feb,14,1.25,.04,.04,1250,-,34.70,.44,30.17,,
Feb,14,1.30,.02,.02,300,-,30.60,.29,13.41,,
Mar,14,1.21,.07,.07,2000,-,31.00,.56,28.93,,
Mar,14,1.25,.05,.05,100,-,29.10,.46,20.66,,
Jun,14,1.00,.23,.22,150,3450,27.70,.90,4.60,,
Jun,14,1.05,.20,.20,500,1030,27.80,.84,6.44,,
Jun,14,1.16,.13,-,700,-,30.50,.67,14.71,,
,
Aurizon Hldgs Last Sale Price $4.81,
Mar,14,4.70,.20,.20,129,50,16.40,.70,8.84,,
,
BHP Billiton Last Sale Price $36.14,
Jan,14,34.50,1.79,1.91,188,736,21.00,.87,8.91,,
Jan,14,35.01,1.41,3.07,80,682,22.40,.77,16.34,,
Jan,14,35.50,.97,1.00,10,1033,19.00,.70,19.61,,
Jan,14,36.00,.66,.66,110,3083,18.60,.57,30.60,,
Jan,14,36.50,.39,.39,343,2541,17.60,.43,23.17,,
Jan,14,36.51,.39,.37,140,1813,17.60,.43,22.87,,
Jan,14,37.00,.22,.21,799,9170,17.20,.29,12.77,,
Jan,14,37.50,.11,.11,524,11635,17.00,.17,6.54,,
Jan,14,37.51,.11,.20,225,8323,17.00,.17,6.24,,
Jan,14,38.00,.06,.07,755,13129,17.60,.10,3.56,,
Jan,14,38.01,.06,.07,53,3339,17.60,.10,3.27,,
Jan,14,38.50,.04,.03,140,9222,18.50,.06,2.08,,
Jan,14,38.51,.04,.03,40,2236,18.50,.06,2.08,,
Jan,14,40.00,.01,.01,77,7868,20.60,.01,.30,,
Feb,14,36.00,1.11,1.05,50,1753,19.60,.58,21.77,,
Feb,14,36.01,1.11,1.12,170,125,19.60,.58,21.88,,
Feb,14,36.50,.85,.81,610,2782,19.20,.50,19.08,,
Feb,14,36.51,.84,.97,100,519,19.20,.49,18.96,,
Feb,14,37.00,.61,.60,96,2696,18.60,.41,13.80,,
Feb,14,37.01,.61,.63,320,481,18.60,.41,13.80,,
Feb,14,37.50,.44,.43,93,3400,18.30,.33,9.76,,
Feb,14,38.00,.30,.30,262,7794,18.10,.26,6.85,,
Feb,14,38.01,.30,.30,30,759,18.10,.25,6.85,,
Feb,14,38.50,.20,.20,30,4385,17.90,.19,4.60,,
Feb,14,39.00,.13,.14,75,5809,17.70,.14,2.92,,
Feb,14,39.01,.13,.14,225,1639,17.70,.14,2.92,,
Feb,14,40.01,.07,.07,203,1347,18.40,.07,1.46,,
Feb,14,41.00,.03,.04,500,1170,18.90,.04,.67,,
Mar,14,30.00,6.29,7.10,40,130,27.10,.96,2.01,,
Mar,14,31.01,4.83,5.08,10,70,25.40,.94,-,,
Mar,14,35.50,1.48,1.72,100,1091,19.10,.65,11.55,,
Mar,14,36.01,1.04,1.03,40,1360,19.10,.59,12.59,,
Mar,14,36.50,.93,.93,55,8076,18.60,.52,12.87,,
Mar,14,36.51,.81,.81,420,743,18.60,.52,11.21,,
Mar,14,37.00,.72,.73,640,7364,18.50,.46,10.03,,
Mar,14,37.01,.63,.62,40,2852,18.40,.46,8.72,,
Mar,14,37.51,.47,.61,20,2461,18.20,.39,6.57,,
Mar,14,38.50,.28,.31,82,6996,17.60,.27,3.87,,
Mar,14,39.00,.22,.22,250,6755,18.00,.22,2.97,,
Mar,14,39.01,.20,.47,225,3622,18.00,.22,2.70,,
Mar,14,39.50,.15,.15,97,7891,17.80,.17,2.08,,
Mar,14,40.00,.11,.13,400,9128,17.90,.14,1.45,,
Mar,14,40.50,.07,.07,52,1388,17.80,.10,1.04,,
Mar,14,41.50,.04,.04,285,4825,18.30,.06,.55,,
Apr,14,35.00,1.92,1.96,30,655,19.10,.70,7.88,,
Apr,14,35.50,1.60,-,70,150,18.80,.65,9.70,,
Apr,14,37.00,.88,1.03,12,325,18.40,.49,8.89,,
Apr,14,37.50,.69,.70,30,797,18.20,.43,7.02,,
Apr,14,43.01,.03,.03,100,-,17.50,.05,.30,,
May,14,34.50,2.50,-,55,250,20.20,.73,6.42,,
May,14,36.00,1.58,-,70,196,18.90,.61,10.66,,
May,14,37.00,1.13,1.69,50,106,18.70,.52,8.35,,
May,14,38.50,.59,.58,10,165,17.70,.37,4.42,,
Jun,14,25.01,10.81,10.80,1,13,26.70,.99,-,,
Jun,14,32.01,4.47,4.54,7,30,22.20,.86,2.09,,
Jun,14,34.00,3.00,3.04,20,564,20.30,.76,5.30,,
Jun,14,35.00,2.37,3.27,55,2099,20.00,.69,7.57,,
Jun,14,35.50,2.04,3.22,30,647,19.50,.66,8.65,,
Jun,14,37.00,1.33,1.38,112,6011,18.90,.53,8.19,,
Jun,14,37.01,1.32,1.29,42,196,18.90,.53,8.13,,
Jun,14,38.01,.94,1.13,20,789,18.40,.45,5.79,,
Jun,14,38.50,.79,.95,10,1199,18.20,.40,4.83,,
Jun,14,40.01,.44,.45,100,294,17.80,.28,2.71,,
Jun,14,44.50,.04,.04,80,-,16.60,.06,.28,,
Sep,14,36.50,2.04,3.14,5,746,19.80,.61,8.06,,
Sep,14,37.00,1.76,1.95,10,273,19.30,.57,6.97,,
Sep,14,38.50,1.23,1.22,10,165,19.10,.47,4.87,,
Dec,14,24.00,12.26,13.30,30,120,30.00,.96,.34,,
Dec,14,37.00,2.27,2.31,10,4212,20.80,.60,6.76,,
Dec,14,37.50,1.97,2.00,40,-,20.00,.57,5.87,,
Dec,14,38.00,1.85,1.88,10,256,20.40,.55,5.50,,
Dec,14,39.50,1.26,1.30,20,20,19.30,.46,3.75,,
Dec,14,40.50,.96,.98,20,-,18.80,.40,2.86,,
Dec,14,41.00,.91,.94,10,168,19.30,.38,2.71,,
Dec,14,42.00,.74,.74,10,341,19.40,.34,2.20,,
Dec,14,50.00,.07,.07,10,122,18.10,.07,.21,,
,
Boral Last Sale Price $4.72,
Jan,14,4.90,.01,.01,118,1105,18.20,.19,6.82,,
Feb,14,4.90,.07,.07,118,232,23.10,.37,12.89,,
Mar,14,5.00,.07,.07,77,558,22.20,.34,7.42,,
,
Bank of Qld Last Sale Price $11.85,
Jan,14,12.00,.14,.19,10,90,20.70,.42,26.27,,
Jan,14,12.25,.07,.09,15,261,20.00,.24,11.78,,
,
BlueScope Steel Last Sale Price $5.45,
Jan,14,5.50,.14,.10,134,845,34.80,.48,55.15,,
Feb,14,5.50,.26,.19,100,5750,36.70,.52,38.70,,
Feb,14,5.75,.17,.14,100,851,36.50,.38,24.56,,
Mar,14,5.10,.56,.49,200,500,36.50,.71,19.27,,
Apr,14,6.00,.19,.16,100,-,32.50,.35,12.39,,
,
Brambles Last Sale Price $8.89,
Jan,14,8.86,.17,.28,100,625,20.20,.56,33.81,,
Feb,14,8.63,.46,.48,63,1352,24.20,.68,18.25,,
Feb,14,8.86,.32,.31,31,898,23.50,.57,26.46,,
Feb,14,9.09,.20,.38,100,736,22.80,.44,18.70,,
Mar,14,8.19,.76,.77,3,103,25.20,.81,3.09,,
Mar,14,9.54,.10,.11,100,388,21.20,.28,5.62,,
Jun,14,9.51,.24,.27,80,80,20.60,.41,6.01,,
,
C'wlth Bank of Aust Last Sale Price $75.80,
Jan,14,0.01,75.88,75.97,20,23013,-,-,2.41,,
Jan,14,55.51,20.35,21.99,10,187,35.10,1.00,1.70,,
Jan,14,60.01,15.86,15.41,20,154,35.10,1.00,1.84,,
Jan,14,67.01,8.91,-,97,237,31.40,.97,3.54,,
Jan,14,68.01,7.92,5.57,100,1465,28.30,.97,3.68,,
Jan,14,70.00,5.99,6.05,20,200,25.30,.94,5.24,,
Jan,14,72.00,4.03,5.83,50,1197,19.70,.91,6.37,,
Jan,14,73.00,3.09,3.20,50,769,17.60,.87,8.07,,
Jan,14,74.00,2.19,2.40,10,1634,15.60,.80,11.19,,
Jan,14,74.01,2.19,2.37,36,263,15.60,.80,11.19,,
Jan,14,74.50,1.78,2.66,50,1558,14.90,.74,13.60,,
Jan,14,75.00,1.43,1.45,40,4464,14.70,.67,17.84,,
Jan,14,75.50,1.08,1.35,100,562,13.80,.59,22.09,,
Jan,14,75.51,1.08,1.12,10,316,13.80,.59,22.24,,
Jan,14,76.00,.81,.83,489,4686,13.60,.50,22.80,,
Jan,14,76.01,.80,2.31,50,1138,13.60,.50,22.66,,
Jan,14,76.50,.56,.72,100,1730,13.10,.41,16.00,,
Jan,14,76.51,.56,.59,90,265,13.10,.41,15.86,,
Jan,14,77.00,.40,.41,573,4296,13.20,.32,11.33,,
Jan,14,77.01,.40,.44,100,1597,13.20,.32,11.19,,
Jan,14,77.50,.26,.27,667,2527,12.90,.24,7.22,,
Jan,14,77.51,.26,.35,40,377,12.90,.24,7.22,,
Jan,14,78.00,.16,.17,855,5921,12.60,.16,4.53,,
Jan,14,78.01,.16,.19,65,1502,12.60,.16,4.39,,
Jan,14,78.50,.10,.10,880,1738,12.60,.11,2.69,,
Jan,14,78.51,.10,.10,273,332,12.60,.11,2.69,,
Jan,14,79.00,.05,.06,4844,8277,12.40,.07,1.42,,
Jan,14,79.01,.05,.09,610,1732,12.40,.07,1.42,,
Jan,14,79.51,.03,.34,400,1163,12.30,.04,.85,,
Jan,14,80.00,.01,.03,470,7848,12.20,.02,.42,,
Jan,14,80.01,.01,.03,300,486,12.20,.02,.42,,
Jan,14,80.51,.01,.01,165,960,12.40,.01,.23,,
Jan,14,81.00,.00,.01,400,3908,12.50,-,.11,,
Jan,14,81.01,.00,.09,100,701,12.50,-,.11,,
Feb,14,75.00,1.93,2.05,30,1530,15.20,.64,12.04,,
Feb,14,75.01,1.23,1.29,160,1778,15.20,.64,4.71,,
Feb,14,76.00,1.36,1.38,5,3215,14.90,.54,14.50,,
Feb,14,76.50,1.13,1.21,30,485,14.90,.49,12.09,,
Feb,14,76.51,.69,.76,2020,333,14.90,.49,7.38,,
Feb,14,77.00,.91,.94,140,2808,14.60,.44,9.68,,
Feb,14,77.01,.54,.59,75,2824,14.60,.44,5.78,,
Feb,14,77.50,.74,.76,83,613,14.80,.39,7.92,,
Feb,14,77.51,.45,.43,55,1743,14.80,.39,4.76,,
Feb,14,78.00,.57,.65,80,1254,14.50,.34,6.15,,
Feb,14,78.01,.34,.35,30,2414,14.50,.34,3.64,,
Feb,14,78.50,.46,.59,80,590,14.50,.30,4.87,,
Feb,14,78.51,.27,.32,170,1077,14.50,.30,2.84,,
Feb,14,79.00,.35,.36,198,1381,14.60,.26,3.80,,
Feb,14,79.01,.21,.22,90,3423,14.60,.26,2.25,,
Feb,14,80.00,.19,.27,7,1291,14.20,.18,2.03,,
Feb,14,80.01,.11,.36,37,1649,14.20,.18,1.18,,
Feb,14,81.00,.12,.26,60,1958,14.70,.13,1.28,,
Feb,14,82.00,.07,.25,25,1085,14.80,.09,.75,,
Mar,14,67.01,7.76,9.14,88,500,20.10,.94,-,,
Mar,14,73.01,2.89,3.22,166,296,16.20,.76,.66,,
Mar,14,73.51,2.58,2.84,20,70,16.00,.74,1.91,,
Mar,14,74.01,2.27,1.77,2000,616,15.70,.71,3.17,,
Mar,14,74.50,2.38,2.63,250,555,15.00,.68,7.16,,
Mar,14,75.01,1.74,1.81,140,4746,15.30,.64,6.27,,
Mar,14,76.00,1.58,1.60,2,1105,15.10,.57,10.39,,
Mar,14,76.01,1.32,1.75,84,3072,15.10,.56,8.71,,
Mar,14,77.01,.96,.94,50,672,14.90,.49,6.37,,
Mar,14,78.00,.78,.80,330,1387,14.70,.41,5.15,,
Mar,14,78.01,.69,.69,2096,5269,14.70,.41,4.52,,
Mar,14,79.00,.52,.53,5,805,14.50,.33,3.43,,
Mar,14,79.01,.47,.47,37,1432,14.50,.33,3.10,,
Apr,14,68.01,7.13,-,100,-,18.40,.91,-,,
Apr,14,75.01,2.06,2.06,119,-,14.70,.65,6.09,,
Apr,14,76.00,1.77,2.06,310,112,14.70,.58,8.55,,
Apr,14,77.00,1.29,1.34,680,250,14.20,.52,6.24,,
Apr,14,78.00,.98,1.93,16,129,14.20,.45,4.72,,
Apr,14,85.00,.10,.10,20,400,14.30,.10,.46,,
Jun,14,56.01,18.72,17.60,10,161,17.60,1.00,-,,
Jun,14,67.00,9.10,6.89,10,129,17.60,.91,.88,,
Jun,14,67.01,8.59,-,9,1112,17.60,.91,-,,
Jun,14,68.01,7.79,7.81,10,358,17.60,.89,-,,
Jun,14,75.00,2.99,2.79,50,431,15.20,.66,6.43,,
Jun,14,76.00,2.49,2.50,3,188,14.90,.61,7.31,,
Jun,14,77.00,2.00,2.17,20,942,14.50,.56,5.86,,
Jun,14,79.01,1.33,2.19,84,80,14.40,.46,3.91,,
Jun,14,83.00,.47,.58,10,122,13.60,.25,1.37,,
Jun,14,90.00,.09,.11,20,200,14.50,.07,.25,,
Sep,14,80.00,1.71,1.37,400,41,15.30,.48,3.23,,
Sep,14,84.00,.84,.86,40,46,15.20,.33,1.60,,
Dec,14,72.00,6.04,5.20,200,269,17.40,.76,3.19,,
Dec,14,75.00,4.33,-,10,-,16.70,.69,5.01,,
Sep,15,78.00,4.40,5.70,200,10,17.70,.66,3.42,,
,
Coca-Cola Amatil Last Sale Price $12.01,
Jun,14,12.44,.32,.34,200,450,17.60,.49,5.84,,
,
Computershare Last Sale Price $11.22,
Jan,14,11.25,.17,.13,380,126,19.10,.51,32.53,,
Feb,14,11.50,.17,.16,69,1080,19.40,.41,12.65,,
Mar,14,9.01,2.13,2.05,1,3,22.50,.99,-,,
Mar,14,11.00,.46,.43,500,500,18.50,.66,10.47,,
Mar,14,12.00,.08,.07,1500,1682,17.60,.25,3.57,,
Mar,14,13.00,.01,.01,600,833,18.80,.06,.67,,
Apr,14,11.75,.21,.19,36,-,18.80,.40,6.83,,
,
CSL Last Sale Price $67.10,
Jan,14,40.51,26.64,25.70,40,82,35.20,1.00,1.44,,
Jan,14,63.00,4.34,4.58,40,180,24.40,.90,7.52,,
Jan,14,66.00,1.62,1.70,20,145,16.50,.72,16.64,,
Jan,14,67.51,.77,.90,35,770,16.40,.47,24.48,,
Jan,14,69.51,.20,.20,513,-,16.40,.17,6.24,,
Jan,14,70.00,.13,.14,200,984,16.30,.13,4.16,,
Jan,14,71.00,.07,.10,500,1745,17.10,.07,2.08,,
Jan,14,71.01,.07,.06,200,200,17.10,.07,2.08,,
Feb,14,40.51,26.72,-,40,-,26.90,1.00,1.57,,
Feb,14,68.00,1.45,1.44,100,550,18.90,.47,17.47,,
Feb,14,71.01,.49,.92,200,72,18.30,.23,5.92,,
Feb,14,72.00,.32,.53,200,532,18.00,.16,3.81,,
Feb,14,73.01,.20,.20,60,26,18.00,.11,2.42,,
Mar,14,56.00,11.33,-,5,5,21.50,.98,1.71,,
Mar,14,70.00,1.03,1.00,100,910,18.30,.37,7.68,,
Jun,14,67.00,3.51,-,30,15,18.90,.61,11.31,,
Sep,14,64.00,6.26,-,5,-,20.10,.73,6.75,,
Sep,14,71.00,2.83,-,24,-,19.20,.49,6.03,,
Sep,14,73.00,2.17,-,24,-,19.00,.42,4.63,,
,
David Jones Last Sale Price $3.04,
Feb,14,3.10,.09,.08,100,1001,26.30,.46,24.01,,
Feb,14,3.20,.05,.04,143,600,25.50,.32,13.34,,
Apr,14,3.20,.09,.08,109,-,24.80,.42,10.21,,
,
Fortescue Metals Grp Last Sale Price $5.15,
Jan,14,4.41,.76,-,130,536,48.30,.95,8.34,,
Jan,14,5.00,.26,.24,205,1372,38.60,.67,43.77,,
Jan,14,5.25,.12,.12,420,3681,36.30,.43,47.94,,
Jan,14,5.50,.04,.04,29,9287,37.10,.22,18.76,,
Jan,14,5.51,.04,.04,100,440,37.20,.21,18.76,,
Jan,14,5.75,.02,.02,50,10481,39.70,.11,8.34,,
Jan,14,6.00,.01,.01,34,8650,39.30,.04,2.50,,
Jan,14,6.01,.01,.04,500,2465,39.50,.04,2.50,,
Feb,14,4.60,.67,.64,460,310,46.10,.80,18.90,,
Feb,14,5.00,.39,.39,160,824,41.90,.63,37.01,,
Feb,14,5.25,.25,.26,1320,1882,39.60,.49,38.59,,
Feb,14,5.50,.15,.14,280,8908,38.80,.36,23.62,,
Feb,14,5.51,.14,.14,500,-,38.80,.35,22.84,,
Feb,14,5.75,.09,.09,34,3950,38.60,.24,14.17,,
Feb,14,6.00,.06,.05,160,5932,39.40,.16,8.66,,
Mar,14,4.60,.70,.67,100,3649,42.90,.77,14.56,,
Mar,14,5.00,.45,.52,550,1270,42.00,.62,28.64,,
Mar,14,5.25,.32,.30,195,3188,40.70,.52,30.58,,
Mar,14,5.51,.20,.58,130,780,39.60,.41,19.90,,
Mar,14,5.75,.14,.14,154,2013,38.70,.31,13.59,,
Mar,14,6.01,.09,.17,100,935,38.70,.23,8.25,,
Apr,14,5.50,.26,.25,50,-,38.50,.44,18.43,,
Apr,14,7.75,.01,.01,30,-,39.00,.03,.71,,
May,14,4.90,.64,-,310,-,42.30,.66,20.06,,
Jun,14,4.81,.72,-,100,-,41.70,.68,16.64,,
Jun,14,5.50,.40,.62,450,1923,39.80,.49,17.29,,
Jun,14,7.00,.07,.09,100,7345,36.80,.15,3.24,,
Sep,14,5.50,.53,.76,100,587,40.10,.54,14.73,,
,
21st Century Fox Last Sale Price $35.20,
Jan,14,32.00,3.30,3.15,30,66,30.90,.94,6.10,,
Jan,14,35.00,.71,.72,39,743,20.00,.59,31.41,,
Jan,14,36.50,.17,.44,200,358,19.90,.22,10.06,,
Jan,14,37.50,.04,.24,200,1244,19.20,.07,2.44,,
Jan,14,38.50,.01,.48,200,805,19.20,.02,.43,,
Jan,14,39.50,.00,.45,200,405,19.20,-,-,,
Mar,14,32.96,2.75,2.65,20,20,21.20,.81,7.32,,
,
GPT Grp Last Sale Price $3.59,
Jan,14,0.01,3.59,-,20000,20000,-,-,2.99,,
Feb,14,3.70,.04,.06,180,4436,16.50,.35,10.17,,
,
Insurance Aust Grp Last Sale Price $5.65,
Feb,14,5.75,.12,.14,50,1830,20.70,.46,17.23,,
Mar,14,5.50,.27,.32,30,220,20.80,.68,10.62,,
Mar,14,6.00,.04,.07,59,2931,18.00,.29,3.98,,
Apr,14,5.75,.17,.16,5132,120,20.80,.52,11.31,,
,
Iluka Res Last Sale Price $8.24,
Jan,14,7.75,.57,.56,40,-,36.20,.81,20.85,,
Jan,14,8.75,.07,.07,700,1790,33.60,.22,16.94,,
Sep,14,9.25,.58,.59,10,-,37.50,.47,10.16,,
,
Incitec Pivot Last Sale Price $2.77,
Feb,14,2.80,.09,.09,2650,3768,25.30,.50,26.35,,
Feb,14,3.00,.02,.03,310,-,22.80,.19,5.86,,
Mar,14,2.50,.32,-,400,400,26.90,.84,8.12,,
Mar,14,2.60,.23,.25,570,1226,26.00,.76,11.73,,
Mar,14,2.80,.11,.11,30,2915,22.30,.52,18.95,,
Mar,14,2.91,.07,.07,200,-,23.00,.37,11.73,,
Jun,14,2.70,.22,-,170,-,24.60,.65,12.05,,
,
James Hardie Ind Last Sale Price $12.50,
Jan,14,11.00,1.53,1.85,50,50,37.30,.96,5.15,,
Mar,14,13.85,.14,.18,50,610,23.80,.21,5.40,,
Jun,14,14.58,.21,.28,24,-,24.30,.24,3.74,,
Jun,14,15.07,.14,.19,30,-,24.20,.18,2.58,,
,
Leighton Hldgs Last Sale Price $15.68,
Jan,14,15.51,.50,.45,100,40,30.20,.60,44.50,,
Jan,14,16.01,.23,.62,100,61,27.80,.39,31.49,,
Jan,14,16.50,.10,.08,532,856,27.10,.20,13.01,,
Jan,14,16.76,.06,.07,171,680,27.90,.14,8.22,,
Jan,14,17.50,.02,.01,200,324,30.70,.05,2.74,,
Feb,14,16.01,.56,.55,35,340,31.50,.47,28.97,,
Feb,14,16.50,.37,.34,237,771,30.80,.36,19.14,,
Feb,14,17.00,.25,.22,74,1194,31.30,.27,12.67,,
Feb,14,18.01,.09,.09,71,91,30.70,.12,4.40,,
Feb,14,20.50,.01,.01,2000,1015,34.50,.02,.52,,
Mar,14,14.76,1.15,1.33,25,19,33.50,.71,7.33,,
Mar,14,16.00,.67,.75,30,62,31.40,.50,21.21,,
Mar,14,16.01,.54,.63,80,434,31.40,.50,17.22,,
Mar,14,16.51,.38,.44,52,376,31.10,.41,12.12,,
Mar,14,17.01,.26,.30,30,202,30.60,.33,8.29,,
Mar,14,18.01,.12,.13,200,100,30.40,.19,3.67,,
Mar,14,18.50,.09,.12,200,200,30.00,.14,2.71,,
Apr,14,17.00,.39,.44,50,58,29.80,.37,9.08,,
May,14,18.00,.29,.29,20,-,29.40,.29,5.05,,
Sep,14,13.00,3.09,3.37,20,96,35.60,.82,3.70,,
,
Lend Lease Grp Last Sale Price $10.83,
Jan,14,11.25,.04,.04,579,840,19.00,.19,7.93,,
Feb,14,11.00,.27,.27,116,940,22.10,.47,20.22,,
Feb,14,11.50,.11,.11,112,115,21.80,.25,8.24,,
Feb,14,11.75,.06,.06,60,924,20.30,.15,4.12,,
Mar,14,10.75,.47,.48,10,90,23.60,.59,17.77,,
,
Macquarie Grp Last Sale Price $52.44,
Jan,14,32.92,19.56,-,20,20,50.50,1.00,1.43,,
Jan,14,34.88,17.60,-,100,120,50.50,1.00,1.64,,
Jan,14,48.13,4.56,4.98,50,223,34.40,.90,10.24,,
Jan,14,48.14,4.55,-,35,50,34.40,.90,10.44,,
Jan,14,50.11,2.70,5.30,8,1082,26.40,.81,15.15,,
Jan,14,51.08,1.97,2.24,10,228,25.90,.71,24.98,,
Jan,14,51.09,1.96,2.28,107,299,25.90,.71,24.98,,
Jan,14,53.05,.76,2.68,6,2230,22.90,.43,31.12,,
Jan,14,53.06,.76,2.04,65,235,22.90,.43,30.91,,
Jan,14,54.03,.42,.59,2,1272,22.80,.29,17.40,,
Jan,14,54.53,.30,2.13,100,1,22.50,.23,12.28,,
Jan,14,55.01,.20,.28,85,1397,22.20,.17,8.39,,
Jan,14,55.02,.20,.56,65,126,22.20,.17,8.39,,
Jan,14,55.99,.12,.16,18,3194,23.30,.10,4.71,,
Jan,14,56.98,.06,.06,20,2192,23.60,.05,2.25,,
Feb,14,51.09,2.65,-,67,-,25.00,.66,20.03,,
Feb,14,53.05,1.47,1.67,5,971,23.00,.49,22.74,,
Feb,14,54.03,1.12,1.12,109,116,23.60,.41,17.25,,
Feb,14,55.99,.55,.67,200,61,23.20,.25,8.43,,
Feb,14,57.96,.25,.25,10,230,23.10,.13,3.79,,
Mar,14,33.41,19.30,18.60,20,96,52.30,.98,2.53,,
Mar,14,35.87,16.84,-,100,-,44.90,.98,2.57,,
Mar,14,48.13,5.32,3.21,11,150,26.60,.81,9.58,,
Mar,14,51.09,3.12,-,10,10,24.30,.66,16.88,,
Mar,14,53.05,2.04,2.10,19,762,23.50,.52,19.40,,
Mar,14,54.04,1.59,1.75,10,131,23.20,.45,15.11,,
Apr,14,53.05,2.42,2.49,10,40,23.10,.54,16.81,,
Apr,14,54.03,1.95,2.01,5,24,22.70,.48,13.54,,
Apr,14,56.98,.94,.96,451,30,21.90,.30,6.54,,
Apr,14,57.96,.72,.78,43,26,21.70,.25,5.05,,
May,14,48.13,5.85,-,10,-,25.90,.78,7.88,,
Jun,14,63.85,.30,-,250,430,22.30,.14,1.29,,
Jun,14,65.82,.18,-,250,430,22.10,.10,.76,,
Sep,14,57.96,1.85,-,10,-,23.10,.42,5.05,,
,
Myer Hldgs Last Sale Price $2.67,
Jan,14,2.70,.06,.07,195,1048,30.40,.46,44.23,,
Jan,14,2.71,.05,.05,147,265,30.70,.44,40.21,,
Jan,14,2.80,.03,.03,2000,2876,33.20,.27,24.12,,
Mar,14,2.90,.04,.06,479,949,27.10,.30,8.43,,
,
National Aust Bank Last Sale Price $33.57,
Jan,14,32.00,1.68,1.94,375,325,19.70,.89,7.04,,
Jan,14,33.00,.84,1.06,5,1305,17.00,.72,17.27,,
Jan,14,34.00,.26,.27,1378,3353,15.20,.38,16.63,,
Jan,14,34.50,.11,.11,1082,4648,14.40,.21,7.04,,
Jan,14,35.00,.04,.06,576,9510,13.70,.09,2.24,,
Jan,14,35.01,.04,.05,158,4582,13.70,.09,2.24,,
Jan,14,35.50,.01,.03,20,8720,13.80,.03,.64,,
Jan,14,35.51,.01,.03,8,4132,13.90,.03,.64,,
Jan,14,36.00,.01,.02,120,10986,15.40,.02,.38,,
Feb,14,32.00,1.94,-,100,35,18.80,.81,8.82,,
Feb,14,33.00,1.17,1.55,129,154,17.00,.67,14.50,,
Feb,14,33.51,.84,1.05,40,446,16.40,.57,18.97,,
Feb,14,34.00,.59,.60,251,1167,15.80,.47,14.26,,
Feb,14,34.01,.58,1.22,40,1167,15.80,.47,14.13,,
Feb,14,34.50,.39,.39,200,2682,15.40,.36,9.30,,
Feb,14,35.00,.24,.26,252,5075,15.20,.26,5.80,,
Feb,14,35.50,.14,.19,40,3063,14.90,.18,3.50,,
Feb,14,35.51,.14,.16,34,686,14.90,.18,3.38,,
Feb,14,36.00,.09,.12,20,1991,14.90,.12,2.05,,
Feb,14,36.50,.04,.05,170,942,15.00,.07,1.09,,
Mar,14,31.51,2.54,2.75,25,388,18.90,.82,7.15,,
Mar,14,33.00,1.41,1.52,129,616,16.90,.66,12.44,,
Mar,14,33.50,1.09,1.08,1500,892,16.30,.59,15.19,,
Mar,14,34.00,.82,.88,4250,952,15.80,.51,12.21,,
Mar,14,34.01,.81,.83,30,1845,15.80,.51,12.14,,
Mar,14,34.50,.60,.66,470,4982,15.50,.42,8.94,,
Mar,14,34.51,.60,.70,35,600,15.50,.42,8.94,,
Mar,14,35.00,.42,.51,195,5517,15.20,.34,6.33,,
Mar,14,35.01,.42,.44,266,1336,15.20,.34,6.33,,
Mar,14,35.50,.29,.31,100,1409,15.00,.26,4.39,,
Mar,14,35.51,.29,.38,25,847,15.00,.26,4.32,,
Mar,14,36.00,.20,.24,12,4032,14.70,.19,2.90,,
Apr,14,34.00,1.03,1.20,10,2912,16.00,.53,11.20,,
Apr,14,37.00,.16,.20,30,115,14.70,.15,1.74,,
Apr,14,39.00,.04,.04,30,500,15.30,.05,.43,,
May,14,32.50,2.07,2.08,10,5,17.50,.71,7.99,,
May,14,33.01,1.31,1.43,1000,1374,17.00,.66,6.00,,
May,14,34.00,1.18,1.20,100,1449,16.60,.55,9.39,,
May,14,36.00,.46,.46,120,710,16.10,.33,3.68,,
Jun,14,24.01,8.97,8.92,20,2050,27.90,.98,-,,
Jun,14,34.01,1.01,1.15,80,588,16.60,.57,6.73,,
Jun,14,35.50,.64,.63,25,4334,16.00,.41,4.24,,
Sep,14,31.51,2.88,-,25,50,18.30,.78,3.52,,
Sep,14,34.51,1.23,-,30,70,16.20,.56,5.24,,
Sep,14,38.50,.30,.34,57,50,15.80,.25,1.30,,
Sep,14,44.01,.03,.05,250,-,15.60,.04,.11,,
Dec,14,30.00,4.36,4.37,10,3500,20.00,.83,2.52,,
Dec,14,34.51,1.31,-,30,-,17.50,.60,4.20,,
Dec,15,31.00,4.04,-,30,530,20.40,.78,2.28,,
Jun,16,33.00,3.20,-,30,30,20.20,.77,3.21,,
,
Newcrest Min Last Sale Price $8.80,
Jan,14,7.25,1.60,1.59,100,1633,66.90,.93,12.20,,
Jan,14,7.50,1.35,1.32,20,1934,58.40,.92,12.20,,
Jan,14,8.00,.90,.90,180,3720,51.30,.83,24.40,,
Jan,14,8.50,.55,.47,106,2978,51.20,.66,59.78,,
Jan,14,8.51,.54,.52,140,1346,51.00,.65,59.78,,
Jan,14,8.75,.38,.41,200,3248,47.40,.55,80.51,,
Jan,14,9.00,.26,.24,2122,5526,46.70,.44,63.44,,
Jan,14,9.01,.26,.23,201,1104,46.70,.43,62.22,,
Jan,14,9.25,.17,.14,24,1701,46.10,.33,41.48,,
Jan,14,9.26,.17,.22,30,2209,46.10,.33,41.48,,
Jan,14,9.50,.11,.10,310,2198,46.20,.24,26.84,,
Jan,14,9.75,.07,.10,196,1651,46.10,.16,15.86,,
Jan,14,10.00,.04,.06,10,5010,47.20,.11,10.98,,
Jan,14,10.25,.03,.04,997,1765,47.80,.07,6.10,,
Feb,14,8.25,.93,1.02,50,590,50.70,.69,35.03,,
Feb,14,8.51,.78,.79,146,847,51.10,.62,45.16,,
Feb,14,9.00,.53,.52,230,6357,49.30,.50,48.39,,
Feb,14,9.25,.42,.39,47,1856,49.10,.43,39.17,,
Feb,14,9.50,.35,.31,490,2115,50.00,.38,32.26,,
Feb,14,9.75,.27,.26,62,1499,48.30,.31,24.43,,
Feb,14,10.00,.22,.21,222,1682,49.40,.27,20.28,,
Feb,14,10.25,.16,.20,20,203,48.00,.21,14.75,,
Feb,14,11.00,.08,.11,150,2202,49.20,.12,7.37,,
Feb,14,11.25,.07,.07,30,487,52.30,.11,6.91,,
Mar,14,6.75,2.24,2.33,140,200,59.00,.88,10.80,,
Mar,14,7.75,1.43,1.40,120,432,52.40,.76,21.59,,
Mar,14,8.00,1.27,1.19,200,1007,52.80,.72,26.70,,
Mar,14,8.25,1.12,.99,14,1900,52.00,.67,32.10,,
Mar,14,8.50,.96,1.03,20,614,51.30,.62,37.78,,
Mar,14,9.00,.71,.65,55,1412,50.00,.52,40.34,,
Mar,14,9.50,.50,.59,215,456,48.30,.42,28.12,,
Mar,14,9.75,.42,.40,160,30,48.60,.38,24.15,,
Mar,14,10.00,.35,.34,400,2660,48.40,.33,20.17,,
Mar,14,10.01,.35,.38,52,378,48.40,.33,20.17,,
Mar,14,11.50,.13,.12,300,1043,49.50,.15,7.10,,
Apr,14,10.00,.46,.50,20,59,47.10,.37,19.08,,
May,14,9.00,1.00,1.05,10,138,49.00,.56,30.35,,
Jun,14,6.72,2.52,2.53,50,-,55.40,.84,11.13,,
Jun,14,12.68,.23,.25,20,287,47.90,.18,5.69,,
Sep,14,11.19,.70,.72,20,15,47.90,.38,11.39,,
Dec,14,10.00,1.25,1.32,700,860,47.70,.53,15.29,,
Dec,14,12.00,.71,.78,200,340,46.60,.36,8.75,,
Dec,14,15.00,.30,.29,66,43,45.70,.19,3.67,,
Dec,15,7.50,3.09,3.20,3,-,52.60,.75,10.56,,
,
Origin Energy Last Sale Price $13.54,
Jan,14,12.50,1.09,-,40,80,29.10,.92,7.93,,
Jan,14,13.51,.26,.28,50,376,20.90,.55,36.47,,
Jan,14,14.00,.07,.13,5,1794,19.70,.23,11.10,,
Jan,14,14.75,.01,.01,1500,1792,22.20,.04,1.43,,
Feb,14,13.01,.59,.67,384,-,22.50,.74,3.59,,
Feb,14,14.01,.16,.17,49,635,21.90,.38,9.58,,
Mar,14,14.75,.08,.09,30,155,19.70,.21,2.95,,
Mar,14,14.76,.08,.09,30,30,19.70,.21,2.95,,
Apr,14,14.25,.28,.31,40,190,21.20,.40,7.41,,
Apr,14,14.50,.20,.21,35,85,20.80,.33,5.39,,
May,14,12.75,1.12,-,40,50,22.70,.75,6.44,,
May,14,14.50,.28,.31,30,20,20.50,.38,5.55,,
Jun,14,14.10,.48,.53,40,790,20.90,.49,7.89,,
,
Orica Last Sale Price $23.48,
Jan,14,22.50,1.12,1.21,178,198,23.30,.83,12.80,,
Jan,14,24.00,.19,.17,31,1167,19.20,.32,16.92,,
Feb,14,23.00,1.04,1.23,10,522,22.80,.65,19.35,,
Mar,14,23.00,1.25,1.24,20,191,22.40,.65,16.40,,
Mar,14,26.00,.14,.14,30,93,19.80,.16,3.09,,
,
Oil Search Last Sale Price $8.08,
Jan,14,8.00,.19,.17,30,789,20.60,.62,29.23,,
Feb,14,8.26,.17,-,100,100,21.70,.44,17.57,,
Feb,14,8.75,.04,.05,314,1669,20.00,.16,4.02,,
Mar,14,8.01,.35,-,50,50,21.50,.60,17.64,,
Mar,14,8.25,.23,.21,30,1010,20.70,.48,14.23,,
Mar,14,8.51,.14,.17,100,325,20.70,.35,8.66,,
Jun,14,8.25,.42,-,50,-,21.40,.54,11.57,,
,
OZ Minerals Last Sale Price $3.07,
Jun,14,3.50,.16,.19,900,2500,35.80,.37,11.24,,
,
Qantas Airways Last Sale Price $1.10,
Jan,14,0.90,.20,.21,10,510,57.60,.96,9.80,,
Jan,14,1.00,.12,.13,900,1450,58.50,.79,39.22,,
Dec,16,1.10,.32,.32,50,-,38.10,.67,9.78,,
,
QBE Insurance Grp Last Sale Price $11.78,
Jan,14,11.01,.84,1.00,40,779,32.40,.86,13.67,,
Jan,14,11.50,.44,.45,5,1745,27.20,.69,28.25,,
Jan,14,11.75,.30,.29,10,745,28.40,.55,49.21,,
Jan,14,11.76,.29,.28,300,2655,28.40,.54,50.12,,
Jan,14,12.00,.18,.18,15,4945,27.50,.40,32.81,,
Jan,14,12.01,.18,.18,75,680,27.50,.40,32.81,,
Jan,14,12.26,.11,.10,88,273,27.40,.27,19.14,,
Feb,14,12.01,.42,.40,150,71,30.90,.48,28.92,,
Feb,14,12.50,.23,.23,1500,2914,29.50,.32,15.84,,
Feb,14,13.00,.13,.13,250,2869,30.30,.21,8.95,,
Feb,14,13.50,.06,.06,60,3325,29.70,.11,4.13,,
Feb,14,13.51,.06,.06,280,-,29.80,.11,4.13,,
Mar,14,9.01,2.73,2.71,10,10,43.60,.94,-,,
Mar,14,11.01,1.03,-,40,60,32.60,.73,11.04,,
Jun,14,12.50,.57,.64,30,460,28.10,.47,10.77,,
Jun,14,14.00,.20,.35,30,33,27.20,.24,3.87,,
Sep,14,12.75,.69,-,30,-,28.30,.48,8.32,,
Sep,14,14.25,.31,-,30,-,27.60,.30,3.77,,
,
Rio Tinto Last Sale Price $63.35,
Jan,14,56.01,7.45,-,188,475,31.70,.97,3.73,,
Jan,14,58.00,5.54,8.47,30,444,29.60,.93,6.44,,
Jan,14,60.00,3.73,3.67,71,244,27.30,.85,12.71,,
Jan,14,63.00,1.46,1.43,382,1402,23.30,.58,37.45,,
Jan,14,64.00,.92,.93,471,3561,22.30,.44,31.18,,
Jan,14,65.00,.56,.49,184,2616,22.10,.32,18.98,,
Jan,14,65.01,.56,.48,12,447,22.10,.32,18.81,,
Jan,14,66.00,.31,.29,240,2968,21.80,.21,10.51,,
Jan,14,67.00,.17,.14,186,3904,21.80,.13,5.59,,
Jan,14,68.00,.09,.08,421,3535,22.20,.07,3.05,,
Jan,14,69.00,.04,.03,250,4429,21.90,.04,1.36,,
Jan,14,70.00,.03,.04,200,2218,23.20,.02,.85,,
Jan,14,71.00,.01,.02,200,2293,24.30,.02,.51,,
Feb,14,56.00,7.81,-,98,214,28.50,.91,5.89,,
Feb,14,57.01,6.91,-,90,-,27.90,.89,7.23,,
Feb,14,58.00,6.21,5.99,150,184,30.20,.83,10.95,,
Feb,14,58.01,6.20,5.90,20,1509,30.20,.83,10.95,,
Feb,14,60.00,4.37,6.25,200,1291,25.30,.77,13.06,,
Feb,14,61.00,3.64,3.39,200,278,24.80,.71,16.52,,
Feb,14,63.00,2.32,2.29,700,562,23.20,.58,25.22,,
Feb,14,64.00,1.83,1.78,324,2286,23.10,.50,23.37,,
Feb,14,64.01,1.81,1.65,15,99,23.10,.50,23.24,,
Feb,14,65.00,1.38,1.43,370,1257,22.70,.42,17.61,,
Feb,14,66.00,1.01,.93,1650,1948,22.30,.34,12.93,,
Feb,14,67.00,.72,.64,50,3159,22.00,.27,9.22,,
Feb,14,68.00,.50,.48,48,1867,21.70,.21,6.40,,
Feb,14,69.00,.34,.33,200,1779,21.40,.15,4.29,,
Feb,14,69.01,.33,.32,86,384,21.40,.15,4.23,,
Feb,14,70.00,.23,.21,200,2530,21.70,.12,3.01,,
Feb,14,74.00,.05,.06,2,362,22.50,.03,.64,,
Mar,14,56.01,7.13,7.00,20,1200,25.80,.89,-,,
Mar,14,61.01,3.36,5.53,20,56,23.00,.70,8.01,,
Mar,14,63.00,2.50,2.35,95,1870,22.10,.59,16.93,,
Mar,14,63.01,2.23,2.54,46,672,22.10,.59,14.88,,
Mar,14,65.00,1.55,1.50,30,760,21.60,.46,12.27,,
Mar,14,65.01,1.40,1.34,134,1101,21.60,.46,11.05,,
Mar,14,67.00,.88,.89,533,3054,20.90,.33,6.91,,
Mar,14,67.01,.80,.74,157,403,20.90,.33,6.31,,
Mar,14,68.01,.59,1.03,100,840,20.70,.27,4.66,,
Mar,14,69.01,.43,.42,20,172,20.50,.22,3.39,,
Mar,14,70.00,.33,.42,120,1961,20.40,.18,2.60,,
Mar,14,70.01,.31,.30,30,373,20.40,.18,2.45,,
Apr,14,66.00,1.49,1.42,658,113,21.00,.43,8.56,,
Apr,14,66.01,1.44,-,40,20,21.00,.43,8.30,,
Apr,14,67.00,1.18,1.10,3,733,20.80,.38,6.80,,
Apr,14,69.00,.71,.65,50,271,20.60,.28,4.12,,
Apr,14,70.00,.55,.49,4,431,20.40,.23,3.14,,
May,14,67.00,1.66,2.54,40,168,21.20,.42,7.01,,
Jun,14,63.01,3.73,-,17,46,22.60,.61,11.89,,
Jun,14,64.00,3.25,5.68,50,975,22.30,.57,11.44,,
Jun,14,68.00,1.71,2.84,100,750,21.30,.40,5.99,,
Jun,14,76.00,.33,.86,200,238,20.00,.14,1.16,,
Jun,14,80.00,.13,.38,200,3333,19.80,.07,.46,,
Sep,14,63.00,4.82,4.70,6,8,23.90,.63,10.09,,
Sep,14,64.00,4.37,4.20,5,561,24.00,.60,9.86,,
Sep,14,69.00,2.31,2.20,20,110,22.30,.44,5.22,,
Sep,14,71.00,1.74,1.65,10,1036,21.90,.38,3.92,,
,
ResMed Inc Last Sale Price $5.15,
Feb,14,5.30,.12,.13,600,30,25.20,.42,18.11,,
Mar,14,5.25,.16,.19,300,530,22.70,.49,15.53,,
Jun,14,5.50,.16,.16,300,60,21.60,.42,6.91,,
,
Regis Res Last Sale Price $2.90,
Mar,14,3.30,.14,.12,150,40,54.30,.36,25.00,,
Mar,14,3.40,.12,.09,187,700,53.90,.31,20.69,,
,
Seek Last Sale Price $12.75,
Feb,14,14.25,.04,.07,40,210,22.70,.10,2.54,,
,
Sims Metal Mgt Last Sale Price $10.24,
Mar,14,11.00,.23,.24,90,229,28.60,.34,11.47,,
,
Stockland Last Sale Price $3.71,
Jan,14,0.01,3.71,-,20000,20000,-,-,2.89,,
,
Santos Last Sale Price $14.04,
Jan,14,14.00,.28,.29,30,341,21.30,.56,36.70,,
Jan,14,14.50,.08,.09,67,1966,20.10,.25,12.23,,
Feb,14,14.25,.36,.38,117,1012,22.60,.48,21.09,,
Feb,14,14.50,.27,.32,5,5247,22.80,.39,15.60,,
Feb,14,14.75,.20,.33,40,3033,22.70,.31,11.27,,
Feb,14,15.01,.14,.11,225,260,22.50,.23,7.80,,
Mar,14,14.50,.34,.35,30,1948,22.40,.44,12.29,,
Mar,14,15.01,.20,.30,20,690,22.30,.31,6.94,,
Sep,14,15.00,.68,-,15,785,23.00,.49,6.93,,
Sep,14,16.50,.27,-,15,15,21.80,.28,2.75,,
Dec,14,13.00,1.88,1.86,100,50,25.50,.74,6.44,,
,
Suncorp Grp Last Sale Price $12.93,
Jan,14,12.30,.67,.65,200,100,20.00,.90,6.64,,
Jan,14,13.01,.16,.14,20,732,17.00,.47,25.74,,
Jan,14,13.04,.14,.13,30,2403,17.00,.44,23.25,,
Jan,14,13.05,.14,.14,75,217,16.90,.43,22.42,,
Jan,14,13.28,.06,.08,110,2895,16.60,.25,9.96,,
Jan,14,13.53,.03,.10,60,2332,16.70,.11,4.15,,
Feb,14,12.00,.99,.97,69,376,16.70,.92,3.76,,
Feb,14,12.50,.59,.57,175,180,18.50,.75,10.35,,
Feb,14,12.76,.26,.27,47,189,17.50,.64,5.65,,
Feb,14,13.01,.17,.17,52,680,17.80,.52,10.66,,
Feb,14,13.25,.19,.20,51,2679,18.00,.40,11.92,,
Feb,14,13.51,.07,.06,94,3146,18.40,.29,4.39,,
Mar,14,13.07,.25,.23,300,207,18.10,.52,9.67,,
May,14,13.50,.26,.25,32,106,17.40,.44,5.29,,
Jun,14,13.30,.37,.38,36,2829,17.30,.52,6.37,,
Jun,14,14.52,.12,.25,200,20,17.80,.24,1.98,,
Dec,14,11.13,1.96,1.97,100,200,21.40,.86,1.29,,
,
Tabcorp Hldgs Last Sale Price $3.53,
Jan,14,3.00,.54,.54,50,1462,37.30,.98,3.04,,
Mar,14,3.70,.04,.04,97,1449,19.30,.36,5.67,,
,
Transurban Grp Last Sale Price $6.77,
Jan,14,7.00,.01,.01,87,3996,14.80,.16,4.76,,
Apr,14,6.75,.25,.24,60,60,15.00,.61,12.13,,
,
Telstra Corp Last Sale Price $5.20,
Jan,14,4.51,.70,-,120,517,38.50,.97,4.13,,
Jan,14,5.11,.12,.12,1689,12968,14.50,.75,12.39,,
Jan,14,5.20,.05,.05,4528,10678,11.40,.55,20.64,,
Jan,14,5.21,.04,.04,812,9824,11.40,.52,18.58,,
Jan,14,5.25,.03,.04,290,24703,11.30,.39,12.39,,
Jan,14,5.26,.03,.03,50,8764,11.30,.36,10.32,,
Feb,14,4.50,.71,.71,2089,2633,21.00,.98,2.34,,
Feb,14,4.80,.42,.42,300,32983,15.90,.95,3.12,,
Feb,14,4.91,.21,.28,200,1930,15.60,.89,-,,
Feb,14,5.00,.22,.23,450,17387,9.50,.92,3.12,,
Feb,14,5.21,.04,.04,8265,2546,12.90,.55,6.24,,
Feb,14,5.25,.07,.10,310,4468,13.50,.49,11.70,,
Feb,14,5.31,.03,.03,600,5490,13.70,.39,3.90,,
Mar,14,4.50,.71,.71,1700,3300,18.40,.97,1.44,,
Mar,14,4.70,.52,.44,218,6783,18.30,.92,1.92,,
Mar,14,4.81,.33,.32,40,58726,17.10,.89,-,,
Mar,14,5.11,.11,.10,2043,8364,13.30,.70,1.92,,
Mar,14,5.20,.10,.11,500,8138,12.80,.59,9.62,,
Mar,14,5.21,.07,.06,2630,7694,12.80,.58,6.25,,
Mar,14,5.25,.07,.07,5803,25229,12.70,.52,7.21,,
Mar,14,5.30,.05,.06,68,15173,11.80,.45,4.81,,
Mar,14,5.51,.01,.02,170,2003,12.90,.22,.96,,
Apr,14,5.01,.19,.19,615,214,13.70,.78,-,,
Apr,14,5.25,.09,.08,2025,2179,12.30,.55,5.97,,
Jun,14,4.01,1.14,-,90,1350,28.90,.94,-,,
Jun,14,5.25,.12,.12,1600,21966,12.30,.60,4.92,,
Jun,14,5.26,.11,.11,950,12519,12.30,.59,4.71,,
Sep,14,5.11,.18,.12,3000,1970,13.70,.71,2.48,,
Sep,14,5.40,.11,.11,30,-,13.30,.53,2.89,,
Dec,14,5.10,.27,.26,218,2197,14.30,.73,3.42,,
Dec,16,5.50,.35,.40,35000,600,19.50,.71,2.32,,
,
Toll Hldgs Last Sale Price $5.68,
Jan,14,5.75,.06,.07,100,3494,18.90,.41,22.68,,
Jan,14,6.00,.01,.01,2000,6941,17.80,.08,2.65,,
Feb,14,5.75,.16,.17,100,1395,22.70,.49,22.13,,
Mar,14,4.50,1.20,1.22,100,100,26.00,.99,1.32,,
Mar,14,6.00,.07,.07,60,1690,20.20,.33,6.16,,
,
Tatts Grp Last Sale Price $2.98,
Jan,14,2.90,.09,.12,60,-,12.10,.88,7.20,,
Feb,14,3.20,.01,.01,350,1400,19.80,.18,4.08,,
,
Treasury Wine Estates Last Sale Price $4.80,
Feb,14,4.90,.11,.12,100,321,21.00,.44,17.74,,
,
Westpac Banking Last Sale Price $31.51,
Jan,14,29.91,1.70,1.89,247,350,20.40,.90,6.81,,
Jan,14,30.42,1.24,1.10,30,569,18.60,.84,9.88,,
Jan,14,31.41,.47,.50,115,971,15.20,.58,25.21,,
Jan,14,31.42,.47,1.14,6,946,15.20,.57,25.55,,
Jan,14,31.90,.23,.26,481,3999,14.60,.38,16.01,,
Jan,14,32.40,.09,.10,39,4600,13.80,.19,6.13,,
Jan,14,32.90,.03,.03,90,4427,13.70,.08,2.04,,
Feb,14,28.92,2.81,-,30,135,21.90,.90,5.79,,
Feb,14,30.41,1.50,1.78,100,347,17.80,.76,10.43,,
Feb,14,31.41,.80,.93,25,1383,15.90,.58,17.89,,
Feb,14,31.90,.54,.64,155,584,15.40,.47,13.90,,
Feb,14,31.91,.54,.90,10,119,15.40,.47,13.77,,
Feb,14,32.40,.35,.44,182,3285,15.10,.36,9.01,,
Feb,14,32.41,.34,.34,230,10,15.10,.35,8.88,,
Feb,14,32.90,.21,.26,207,2594,14.90,.25,5.41,,
Feb,14,32.91,.20,.28,101,1186,14.90,.25,5.28,,
Feb,14,33.40,.12,.12,184,2911,14.70,.16,3.09,,
Mar,14,29.32,2.59,2.47,19,93,19.00,.85,6.35,,
Mar,14,31.31,1.11,1.32,30,97,16.40,.61,14.36,,
Mar,14,31.80,.83,.90,30,7057,15.90,.53,13.17,,
Mar,14,32.30,.59,.68,10,2514,15.40,.44,9.44,,
Mar,14,32.80,.41,.50,11,8576,15.00,.35,6.43,,
Mar,14,33.80,.19,.18,100,1460,14.90,.20,2.94,,
Apr,14,31.41,1.23,-,170,60,16.20,.61,13.03,,
Apr,14,32.40,.73,1.21,140,1022,15.50,.46,8.46,,
Apr,14,32.90,.52,.52,1580,214,14.90,.38,6.02,,
Apr,14,33.90,.28,.33,4000,215,14.90,.24,3.19,,
Apr,14,33.91,.28,.27,25,1553,14.90,.24,3.19,,
May,14,33.50,.45,.56,94,275,15.30,.35,3.83,,
Jun,14,29.83,2.08,1.25,49,782,18.00,.77,2.83,,
Sep,14,34.79,.52,.51,20,50,16.10,.36,2.36,,
Dec,15,29.82,3.38,-,30,2050,20.10,.75,2.79,,
Jun,16,30.91,3.04,-,30,100,20.00,.78,3.18,,
,
Westfield Grp Last Sale Price $9.95,
Jan,14,10.00,.13,.11,150,1762,17.10,.48,26.97,,
Dec,14,7.85,2.12,2.18,170,178,20.10,.95,.16,,
Dec,14,10.20,.42,.45,100,200,17.00,.60,4.60,,
,
Wesfarmers Last Sale Price $42.85,
Jan,14,24.03,18.84,17.39,22,32,42.50,1.00,1.25,,
Jan,14,27.03,15.85,-,20,79,42.50,1.00,1.50,,
Jan,14,36.03,6.88,-,80,100,37.90,.99,2.76,,
Jan,14,38.55,4.39,3.42,20,40,30.10,.96,4.51,,
Jan,14,43.05,.47,.59,5,1669,15.10,.48,23.55,,
Feb,14,42.04,1.40,1.28,22,432,16.70,.68,11.17,,
Feb,14,43.05,.58,.60,150,1967,16.60,.53,10.98,,
Feb,14,43.54,.58,.61,75,2756,15.90,.45,11.07,,
Feb,14,44.04,.41,.43,253,1009,15.70,.36,7.76,,
Feb,14,45.05,.12,.12,48,578,15.70,.22,2.27,,
Mar,14,39.05,3.45,3.70,4,92,18.90,.90,-,,
Mar,14,42.05,1.30,1.40,383,1938,16.50,.67,5.83,,
Mar,14,43.05,.82,1.41,10,524,16.10,.55,9.63,,
Mar,14,44.05,.48,.48,32,1632,15.60,.42,5.60,,
Apr,14,44.54,.54,.61,41,15,15.30,.40,4.60,,
Apr,14,45.04,.41,.47,36,-,15.00,.35,3.49,,
Apr,14,45.54,.30,.36,41,-,14.90,.29,2.60,,
Jun,14,27.03,15.27,-,42,-,27.10,1.00,-,,
Jun,14,37.03,6.01,-,80,3142,20.00,.91,1.01,,
Jun,14,39.05,4.12,3.39,20,117,18.50,.85,1.64,,
Jun,14,42.05,2.08,-,22,31,16.80,.68,6.65,,
Jun,14,44.05,1.15,-,10,20,16.00,.52,5.95,,
,
WorleyParsons Last Sale Price $16.87,
Jan,14,17.50,.12,.12,100,1592,23.60,.25,15.27,,
Jan,14,17.51,.12,.10,100,200,23.60,.25,14.64,,
Jan,14,18.50,.03,.10,100,753,27.50,.06,3.18,,
Feb,14,17.01,.61,.58,30,-,28.10,.51,29.57,,
Feb,14,17.50,.39,.40,10,3039,26.90,.39,18.75,,
Feb,14,18.50,.14,.14,145,99,26.60,.19,6.97,,
Mar,14,16.00,1.28,1.20,20,20,28.10,.72,12.15,,
Mar,14,17.00,.70,.74,100,230,27.60,.54,20.90,,
Sep,14,16.50,1.62,1.59,10,35,28.00,.65,10.56,,
,
Woolworths Last Sale Price $33.75,
Jan,14,23.51,10.27,9.10,29,174,34.60,1.00,1.59,,
Jan,14,32.50,1.36,1.50,35,320,16.30,.88,7.00,,
Jan,14,33.50,.52,.67,5,809,12.50,.65,16.86,,
Jan,14,33.51,.51,.50,40,584,12.50,.65,16.86,,
Jan,14,34.00,.24,.24,238,3421,11.80,.43,15.27,,
Jan,14,34.01,.23,.57,40,690,11.80,.42,14.95,,
Jan,14,34.50,.10,.23,150,1621,12.00,.22,6.36,,
Jan,14,36.00,.01,.01,120,269,16.10,.03,.95,,
Feb,14,34.00,.60,.66,20,2742,14.40,.51,14.54,,
Feb,14,34.01,.60,.68,15,218,14.40,.50,14.42,,
Feb,14,34.50,.38,.45,10,2248,13.80,.39,9.13,,
Feb,14,37.00,.02,.04,120,330,13.90,.04,.48,,
Mar,14,32.18,1.96,1.95,30,1040,15.60,.81,5.78,,
Mar,14,34.65,.47,.53,58,416,14.00,.42,6.89,,
Mar,14,35.01,.25,.26,58,88,13.80,.35,3.63,,
Mar,14,35.15,.30,.35,36,751,13.80,.33,4.52,,
Apr,14,24.01,9.29,-,29,103,18.80,1.00,-,,
Sep,14,35.15,.88,.92,4,71,13.80,.52,3.71,,
Sep,14,36.14,.58,.60,39,161,13.60,.43,2.48,,
,
Woodside Petroleum Last Sale Price $37.35,
Jan,14,37.50,.47,.58,351,579,16.70,.49,27.02,,
Jan,14,38.00,.26,.48,100,2744,15.90,.34,14.66,,
Jan,14,38.01,.25,.25,50,791,15.90,.33,14.37,,
Jan,14,38.50,.13,.20,300,3851,15.80,.21,7.47,,
Jan,14,39.00,.07,.07,30,4524,16.10,.12,3.74,,
Jan,14,39.50,.04,.09,200,3767,17.00,.07,2.01,,
Jan,14,40.51,.03,.03,10,541,21.20,.04,1.44,,
Jan,14,41.00,.02,.02,95,1066,23.30,.03,1.15,,
Feb,14,36.01,1.23,1.23,340,312,19.50,.75,-,,
Feb,14,37.00,1.16,1.35,80,1171,18.70,.61,17.48,,
Feb,14,37.51,.53,1.19,140,525,18.70,.53,11.51,,
Feb,14,38.01,.38,.38,64,411,18.60,.45,8.25,,
Feb,14,38.50,.48,.69,80,2592,18.40,.37,10.42,,
Feb,14,38.51,.27,.28,42,1238,18.40,.37,5.75,,
Feb,14,39.50,.25,.27,9,986,18.70,.24,5.32,,
Feb,14,39.51,.13,.13,60,492,18.70,.23,2.82,,
Feb,14,40.00,.17,.16,10,1194,18.80,.18,3.69,,
Feb,14,40.01,.09,.09,26,191,18.80,.18,1.95,,
Mar,14,38.58,.51,.55,210,1305,17.60,.41,6.83,,
Mar,14,39.07,.38,.39,10,1171,17.60,.35,5.09,,
Mar,14,40.05,.20,.21,58,1439,17.70,.24,2.74,,
Apr,14,37.50,1.09,1.08,263,298,18.10,.57,10.65,,
May,14,38.50,.93,1.08,15,142,18.10,.49,6.65,,
May,14,40.00,.48,.60,15,102,17.50,.35,3.49,,
Jun,14,37.11,1.74,2.64,415,788,19.20,.62,8.94,,
Sep,14,41.34,.65,.67,61,59,18.00,.37,2.47,,
,
XJO Last Sale Price,
Jan,14,3500,17.11,15.92,9,9,200.00,-,-,,
Jan,14,3900,13.11,-,40,123,149.10,-,-,,
Jan,14,4550,6.62,-,13,71,84.00,-,-,,
Jan,14,4600,6.12,4.70,9,100,81.30,-,-,,
Jan,14,4700,5.11,6.32,2,61,62.70,-,-,,
Jan,14,4750,4.62,-,13,56,60.20,-,-,,
Jan,14,4800,4.12,3.49,6,52,54.30,-,-,,
Jan,14,4975,2.38,-,150,206,37.90,-,-,,
Jan,14,5000,2.13,3.33,109,493,34.60,-,-,,
Jan,14,5025,1.88,-,15,81,32.30,-,-,,
Jan,14,5050,1.64,3.08,67,792,29.70,-,-,,
Jan,14,5075,1.40,2.70,292,543,27.60,-,-,,
Jan,14,5100,1.17,1.21,190,1768,26.70,-,-,,
Jan,14,5125,.93,2.37,88,390,23.00,-,-,,
Jan,14,5150,.71,1.75,221,1732,21.10,-,-,,
Jan,14,5175,.49,.48,27,669,18.50,-,-,,
Jan,14,5200,.32,.32,745,3597,17.20,-,-,,
Jan,14,5225,.19,.19,484,2227,16.60,-,-,,
Jan,14,5250,.10,.10,1540,5961,16.30,-,-,,
Jan,14,5275,.05,.05,1136,1262,16.00,-,-,,
Jan,14,5300,.02,.02,618,4636,15.80,-,-,,
Jan,14,5325,.01,.01,696,3131,15.10,-,-,,
Jan,14,5350,.00,.01,60,5524,16.60,-,-,,
Jan,14,5375,.00,.03,20,2769,17.40,-,-,,
Jan,14,5400,.00,.01,3,3351,18.30,-,-,,
Jan,14,5425,-,.01,20,2210,18.40,-,-,,
Feb,14,3500,17.05,-,9,-,53.70,-,-,,
Feb,14,4250,9.56,-,40,40,28.70,-,-,,
Feb,14,4700,5.15,5.12,1,102,21.10,-,-,,
Feb,14,4775,4.42,4.74,5,37,19.60,-,-,,
Feb,14,4800,4.18,4.17,2,90,18.80,-,-,,
Feb,14,4825,3.95,-,2,39,18.80,-,-,,
Feb,14,4850,3.72,4.90,5,300,18.30,-,-,,
Feb,14,4950,2.80,3.64,165,252,16.40,-,-,,
Feb,14,5000,2.35,3.27,7,75,15.30,-,-,,
Feb,14,5025,2.14,-,9,15,15.00,-,-,,
Feb,14,5050,1.93,2.44,181,160,14.50,-,-,,
Feb,14,5075,1.73,2.16,143,465,14.10,-,-,,
Feb,14,5100,1.53,1.77,179,518,13.70,-,-,,
Feb,14,5125,1.35,2.30,25,239,13.40,-,-,,
Feb,14,5150,1.16,1.18,283,335,12.90,-,-,,
Feb,14,5175,1.01,1.62,236,347,12.80,-,-,,
Feb,14,5200,.85,.85,453,2399,12.40,-,-,,
Feb,14,5225,.72,.72,391,310,12.20,-,-,,
Feb,14,5250,.59,.59,1349,1917,11.90,-,-,,
Feb,14,5275,.47,.58,38,457,11.40,-,-,,
Feb,14,5300,.38,.39,170,1806,11.30,-,-,,
Feb,14,5325,.30,.29,360,611,11.20,-,-,,
Feb,14,5350,.23,.23,617,1644,11.00,-,-,,
Feb,14,5375,.18,.18,144,400,11.00,-,-,,
Feb,14,5400,.14,.13,1914,1471,10.90,-,-,,
Feb,14,5425,.10,.11,181,939,10.80,-,-,,
Feb,14,5450,.09,.09,465,4476,11.10,-,-,,
Feb,14,5475,.06,.16,151,1280,10.90,-,-,,
Feb,14,5500,.04,.05,479,1623,10.90,-,-,,
Feb,14,5525,.03,.05,10,464,10.90,-,-,,
Feb,14,5550,.03,.03,393,2087,11.50,-,-,,
Feb,14,5575,.03,.03,1130,2748,12.00,-,-,,
Feb,14,5600,.02,.05,215,475,11.80,-,-,,
Feb,14,5675,.01,.01,200,154,12.30,-,-,,
Feb,14,5700,.01,.01,220,204,12.30,-,-,,
Mar,14,3800,13.70,-,40,124,31.20,-,-,,
Mar,14,4550,6.34,8.01,13,17,20.70,-,-,,
Mar,14,4650,5.39,6.33,9,125,19.20,-,-,,
Mar,14,4700,4.93,-,2,163,18.70,-,-,,
Mar,14,4750,4.46,-,13,700,18.00,-,-,,
Mar,14,4850,3.57,3.65,1,133,16.70,-,-,,
Mar,14,5075,1.74,1.75,1,116,13.70,-,-,,
Mar,14,5175,1.13,1.13,172,351,13.00,-,-,,
Mar,14,5200,.98,.99,122,1550,12.80,-,-,,
Mar,14,5225,.86,.87,36,405,12.60,-,-,,
Mar,14,5250,.75,.75,34,1177,12.40,-,-,,
Mar,14,5275,.63,.72,65,293,12.10,-,-,,
Mar,14,5300,.55,.57,17,3483,12.00,-,-,,
Mar,14,5350,.39,.77,115,1674,11.80,-,-,,
Mar,14,5375,.32,.51,48,348,11.60,-,-,,
Mar,14,5400,.26,.27,96,2990,11.50,-,-,,
Mar,14,5450,.17,.19,161,1730,11.30,-,-,,
Mar,14,5475,.14,.18,10,359,11.20,-,-,,
Mar,14,5500,.12,.12,239,2335,11.30,-,-,,
Mar,14,5550,.07,.11,47,543,11.00,-,-,,
Mar,14,5600,.06,.05,170,1679,11.50,-,-,,
Mar,14,5650,.04,.05,1,3298,11.40,-,-,,
Mar,14,5700,.02,.03,20,849,11.50,-,-,,
Jun,14,4250,9.24,-,40,64,18.30,-,-,,
Jun,14,4800,4.42,5.50,60,116,16.10,-,-,,
Jun,14,5100,2.22,1.86,6,886,13.90,-,-,,
Jun,14,5150,1.88,-,2,45,13.30,-,-,,
Jun,14,5250,1.40,1.38,150,120,13.00,-,-,,
Jun,14,5300,1.16,1.17,57,469,12.70,-,-,,
Jun,14,5400,.76,.77,10,1583,12.00,-,-,,
Jun,14,5500,.48,.55,24,694,11.70,-,-,,
Jun,14,5575,.36,.35,20,65,11.80,-,-,,
Jun,14,5600,.28,.30,10,712,11.20,-,-,,
Jun,14,5700,.18,.21,10,247,11.40,-,-,,
Sep,14,5250,1.75,1.77,55,-,13.80,-,-,,
Sep,14,5300,1.46,1.57,3,45,13.10,-,-,,
Sep,14,5550,.68,.68,10,-,12.50,-,-,,
Sep,14,5700,.38,.42,25,178,11.90,-,-,,
Dec,14,5200,2.49,2.51,8,-,14.60,-,-,,
Dec,14,5500,1.20,1.29,50,233,13.20,-,-,,
Dec,14,5700,.71,.70,20,63,12.80,-,-,,
,
