Warrants Market,,,,,,,,,,,,,,,,,,,,
,,,,,,,,,,,,,,,,,,,,
"XAO 4351.2 at 2012-02-28T16:42:53. Report at Tuesday, February 28, 2012. Processed Wednesday at 2012-02-29T01:00:07+11:00.",,,,,,,,,,,,,,,,,,,,
,,,,,,,,,,,,,,,,,,,,
,,,,,,,,,,,,,,,,,,,,
,,,,,,,,,,,,,,,,,,,,
Equity Call Warrants,
ANZ Banking Grp Last Sale Price $21.88,
ANZWOA,19.00,29/03/12,4:1,.79,.795,,,,,
ANZWOB,21.00,29/03/12,4:1,.355,.36,,,,,
ANZWRA,22.00,29/03/12,4:1,.11,.11,,,,,
ANZVMA,23.00,29/03/12,4:1,.036,.059,,,,,
ANZWOC,23.00,29/03/12,4:1,.082,.087,,,,,
ANZWRB,23.00,29/03/12,4:1,.022,.04,,,,,
ANZWOK,25.00,29/03/12,4:1,.02,.025,,,,,
ANZVMB,26.00,29/03/12,4:1,.001,,,,,,
ANZVOF,21.00,26/04/12,4:1,.43,.435,,,,,
ANZVOI,23.00,26/04/12,4:1,.155,.16,,,,,
ANZVOH,25.00,26/04/12,4:1,.04,.045,,,,,
ANZWOF,21.00,24/05/12,4:1,.40,.405,,,,,
ANZWOL,23.00,24/05/12,4:1,.17,.175,,,,,
ANZWOM,25.00,24/05/12,4:1,.061,.066,,,,,
,
BHP Billiton Last Sale Price $35.75,
BHPWOI,34.00,29/03/12,4:1,.65,.655,.67,,,,
BHPWOJ,36.00,29/03/12,4:1,.35,.355,,,,,
BHPWRA,36.00,29/03/12,4:1,.185,.21,.16,,,,
BHPWRB,37.50,29/03/12,4:1,.052,.064,.05,-3.4,100,,
BHPWOC,38.00,29/03/12,4:1,.165,.17,.19,,,,
BHPWOD,40.00,29/03/12,4:1,.065,.07,.086,,,,
BHPWOE,42.00,29/03/12,4:1,.032,.037,,,,,
BHPWOF,44.00,29/03/12,4:1,.021,.026,,,,,
BHPVOF,34.00,26/04/12,4:1,.795,.80,.79,,,,
BHPVOG,36.00,26/04/12,4:1,.485,.49,,,,,
BHPVMA,38.00,26/04/12,4:1,.18,.205,.185,-2.5,230,,
BHPVOH,38.00,26/04/12,4:1,.265,.27,,,,,
BHPVOI,40.00,26/04/12,4:1,.13,.135,,,,,
BHPVMB,42.00,26/04/12,4:1,.002,.03,,,,,
BHPWOK,34.00,24/05/12,4:1,.94,.945,,,,,
BHPWOG,36.00,24/05/12,4:1,.645,.65,,,,,
BHPWOH,38.00,24/05/12,4:1,.415,.42,,,,,
BHPWOL,40.00,24/05/12,4:1,.25,.255,,,,,
,
C'wlth Bank of Aust Last Sale Price $49.15,
CBAWOK,48.00,29/03/12,5:1,.505,.51,,,,,
CBAWOL,50.00,29/03/12,5:1,.29,.295,.35,,,,
CBAWRA,50.50,29/03/12,4:1,.05,.07,.205,,,,
CBAVMA,52.00,29/03/12,4:1,.044,.067,.095,,,,
CBAWOM,52.00,29/03/12,5:1,.12,.125,,,,,
CBAWRB,52.00,29/03/12,4:1,.004,.04,.045,,,,
CBAWON,54.00,29/03/12,5:1,.048,.053,,,,,
CBAVMB,55.00,29/03/12,4:1,.001,,,,,,
CBAVOF,49.00,26/04/12,5:1,.525,.53,,,,,
CBAVOI,51.00,26/04/12,5:1,.32,.325,,,,,
CBAVOH,53.00,26/04/12,5:1,.18,.185,,,,,
CBAWOF,49.00,24/05/12,5:1,.655,.66,,,,,
CBAWOA,51.00,24/05/12,5:1,.45,.455,,,,,
CBAWOB,53.00,24/05/12,5:1,.29,.295,,,,,
,
Fortescue Metals Grp Last Sale Price $5.42,
FMGWOA,4.75,29/03/12,3:1,.275,.28,,,,,
FMGWOB,5.25,29/03/12,3:1,.15,.155,.145,,,,
FMGWRA,5.50,29/03/12,2:1,.097,.096,,,,,
FMGWOE,5.75,29/03/12,3:1,.071,.076,,,,,
FMGWRB,5.75,29/03/12,2:1,.047,.049,.064,,,,
FMGVOF,5.25,26/04/12,3:1,.195,.20,.205,,250,,
FMGVOG,5.75,26/04/12,3:1,.115,.12,,,,,
FMGWOF,5.25,24/05/12,3:1,.225,.23,,,,,
FMGWOJ,5.75,24/05/12,3:1,.145,.15,,,,,
,
Macquarie Grp Last Sale Price $27.29,
MQGWOF,21.00,29/03/12,4:1,1.645,1.65,,,,,
MQGWOG,24.00,29/03/12,4:1,.96,.965,,,,,
MQGWOH,27.00,29/03/12,4:1,.405,.41,.34,,,,
MQGWRA,27.00,29/03/12,4:1,.26,.26,,,,,
MQGWRB,28.00,29/03/12,4:1,.12,.125,,,,,
MQGVOF,26.00,26/04/12,4:1,.685,.69,,,,,
MQGVOJ,28.00,26/04/12,4:1,.39,.395,,,,,
MQGVOK,30.00,26/04/12,4:1,.205,.21,,,,,
MQGWOI,26.00,24/05/12,4:1,.73,.735,,,,,
MQGWOJ,28.00,24/05/12,4:1,.49,.495,,,,,
MQGWOK,30.00,24/05/12,4:1,.32,.325,,,,,
,
National Aust Bank Last Sale Price $23.29,
NABWOD,23.00,29/03/12,4:1,.32,.325,.34,,,,
NABWRB,23.50,29/03/12,4:1,.13,.12,,,,,
NABWRA,24.50,29/03/12,4:1,.014,.04,.175,,,,
NABWOE,25.00,29/03/12,4:1,.09,.095,.115,,,,
NABVMA,26.00,29/03/12,4:1,.001,,.053,,,,
NABWOF,27.00,29/03/12,4:1,.024,.029,,,,,
NABVMB,29.00,29/03/12,4:1,.001,,,,,,
NABWOG,29.00,29/03/12,4:1,.016,.021,,,,,
NABVOF,22.00,26/04/12,4:1,.555,.56,,,,,
NABVOL,24.00,26/04/12,4:1,.245,.25,,,,,
NABVOM,26.00,26/04/12,4:1,.075,.08,,,,,
NABWOL,22.00,24/05/12,4:1,.635,.64,,,,,
NABWOM,24.00,24/05/12,4:1,.335,.34,,,,,
NABWOH,26.00,24/05/12,4:1,.15,.155,.165,,,,
NABWSA,0.00,25/03/20,1:1,.01,,26.20,,,,
,
Newcrest Min Last Sale Price $33.31,
NCMWOA,30.00,29/03/12,4:1,.99,.995,1.24,,,,
NCMWRA,32.00,29/03/12,4:1,.455,.47,.75,,,,
NCMWRB,33.00,29/03/12,4:1,.28,.305,.32,-.5,151,,
NCMWOB,36.00,29/03/12,4:1,.175,.185,.19,,,,
NCMWOE,42.00,29/03/12,4:1,.019,.024,.084,,,,
NCMVOF,33.00,26/04/12,4:1,.61,.615,,,,,
NCMVOJ,36.00,26/04/12,4:1,.29,.295,.295,-3,150,,
NCMVOK,39.00,26/04/12,4:1,.115,.12,,,,,
NCMWOF,33.00,24/05/12,4:1,.765,.77,.78,-14,150,,
NCMWOG,36.00,24/05/12,4:1,.44,.445,.565,,,,
NCMWOH,39.00,24/05/12,4:1,.23,.235,,,,,
,
QBE Insurance Grp Last Sale Price $11.50,
QBEWOC,10.00,29/03/12,4:1,,,.41,,,,
QBEWOD,12.00,29/03/12,4:1,,,,,,,
QBEWOE,14.00,29/03/12,4:1,.018,.023,,,,,
QBEVOI,11.50,26/04/12,4:1,,,.22,,,,
QBEVOJ,12.50,26/04/12,4:1,,,,,,,
QBEWOF,11.50,24/05/12,4:1,,,,,,,
QBEWOG,12.50,24/05/12,4:1,.145,.15,,,,,
,
Rio Tinto Last Sale Price $67.70,
RIOWOA,60.00,29/03/12,6:1,1.35,1.355,,,,,
RIOWOB,65.00,29/03/12,6:1,.73,.735,.885,,,,
RIOWRB,65.00,29/03/12,6:1,.57,.565,.57,,,,
RIOWRA,68.00,29/03/12,6:1,.26,.265,.235,-3,480,,
RIOWOF,70.00,29/03/12,6:1,.305,.31,.305,-3,624,,
RIOWOG,75.00,29/03/12,6:1,.10,.105,.10,-.5,1860,,
RIOVMA,65.00,26/04/12,4:1,1.215,1.24,1.245,-3.5,30,,
RIOVOF,66.00,26/04/12,6:1,.81,.815,,,,,
RIOVMB,70.00,26/04/12,4:1,.495,.52,.52,,,,
RIOVOL,70.00,26/04/12,6:1,.47,.475,,,,,
RIOVOM,74.00,26/04/12,6:1,.245,.25,,,,,
RIOWOI,66.00,24/05/12,6:1,.995,1.00,,,,,
RIOWOJ,70.00,24/05/12,6:1,.66,.665,,,,,
RIOWOH,74.00,24/05/12,6:1,.41,.415,,,,,
,
Telstra Corp Last Sale Price $3.26,
TLSWOC,3.25,29/03/12,2:1,.062,.067,,,,,
TLSWRA,3.25,29/03/12,2:1,.041,.042,,,,,
TLSWRB,3.50,29/03/12,2:1,.002,.04,,,,,
TLSWOD,3.75,29/03/12,2:1,.009,.016,,,,,
TLSWOE,4.25,29/03/12,2:1,.005,.012,.006,,,,
TLSVOI,3.25,26/04/12,2:1,.084,.089,,,,,
TLSVOJ,3.50,26/04/12,2:1,.033,.038,,,,,
TLSWOF,3.25,24/05/12,2:1,.105,.11,,,,,
TLSWOG,3.50,24/05/12,2:1,.048,.053,.05,,,,
,
Westpac Banking Last Sale Price $20.68,
WBCWOD,19.00,29/03/12,4:1,.515,.52,,,,,
WBCWRB,20.00,29/03/12,4:1,.24,.25,,,,,
WBCWOE,21.00,29/03/12,4:1,.17,.175,,,,,
WBCWRA,21.00,29/03/12,4:1,.06,.07,.17,,,,
WBCVMA,22.00,29/03/12,4:1,.021,.044,.072,,,,
WBCWOF,23.00,29/03/12,4:1,.034,.039,,,,,
WBCVMB,25.00,29/03/12,4:1,.001,,,,,,
WBCWOG,25.00,29/03/12,4:1,.012,.022,,,,,
WBCVOF,20.00,26/04/12,4:1,.405,.41,,,,,
WBCVOL,22.00,26/04/12,4:1,.145,.15,,,,,
WBCVOM,24.00,26/04/12,4:1,.04,.045,,,,,
WBCWOI,20.00,24/05/12,4:1,.36,.365,,,,,
WBCWOJ,22.00,24/05/12,4:1,.15,.155,,,,,
WBCWOH,24.00,24/05/12,4:1,.052,.057,,,,,
,
Wesfarmers Last Sale Price $28.80,
WESWOA,29.00,29/03/12,4:1,.305,.31,.305,-12.5,100,,
WESWOC,32.00,29/03/12,4:1,.066,.071,.093,,,,
WESWRA,32.00,29/03/12,4:1,.001,.04,.04,,,,
WESWRB,33.00,29/03/12,4:1,.001,.04,.066,,,,
WESWOE,35.00,29/03/12,4:1,.018,.023,,,,,
WESVOI,29.00,26/04/12,4:1,.395,.40,,,,,
WESVOJ,32.00,26/04/12,4:1,.115,.12,,,,,
WESWOF,29.00,24/05/12,4:1,.49,.495,,,,,
WESWOG,32.00,24/05/12,4:1,.195,.20,,,,,
,
Woolworths Last Sale Price $24.95,
WOWWOC,25.00,29/03/12,4:1,.18,.185,,,,,
WOWWOD,27.00,29/03/12,4:1,.038,.043,,,,,
WOWWOE,29.00,29/03/12,4:1,.016,.021,,,,,
,
Woodside Petroleum Last Sale Price $36.90,
WPLWOA,30.00,29/03/12,5:1,1.465,1.47,,,,,
WPLWRA,32.50,29/03/12,4:1,1.19,1.17,.77,,,,
WPLWOB,33.00,29/03/12,5:1,.91,.915,.51,,,,
WPLWRB,35.00,29/03/12,4:1,.61,.78,.67,+1,70,,
WPLWOF,36.00,29/03/12,5:1,.45,.455,.455,-1.5,760,,
WPLVOF,34.00,26/04/12,5:1,.855,.86,,,,,
WPLVOJ,36.00,26/04/12,5:1,.59,.595,,,,,
WPLVOK,38.00,26/04/12,5:1,.395,.40,,,,,
WPLWOH,34.00,24/05/12,5:1,.96,.965,,,,,
WPLWOI,36.00,24/05/12,5:1,.695,.70,,,,,
WPLWOJ,38.00,24/05/12,5:1,.50,.505,,,,,
,
Equity Put Warrants,
ANZ Banking Grp Last Sale Price $21.88,
ANZWOV,16.00,29/03/12,4:1,.018,.023,,,,,
ANZVMQ,17.00,29/03/12,4:1,.001,,,,,,
ANZWOU,18.00,29/03/12,4:1,.026,.031,,,,,
ANZVMP,20.00,29/03/12,4:1,.013,,,,,,
ANZWOT,20.00,29/03/12,4:1,.063,.068,.105,,,,
ANZWRQ,21.00,29/03/12,4:1,.046,.049,,,,,
ANZWOS,22.00,29/03/12,4:1,.19,.195,.195,+1.5,400,,
ANZWRP,22.00,29/03/12,4:1,.11,.12,,,,,
ANZVOW,18.00,26/04/12,4:1,.048,.053,,,,,
ANZVOV,20.00,26/04/12,4:1,.105,.11,,,,,
ANZVOU,22.00,26/04/12,4:1,.255,.26,,,,,
ANZWOR,18.00,24/05/12,4:1,.094,.099,,,,,
ANZWOQ,20.00,24/05/12,4:1,.20,.205,,,,,
ANZWOP,22.00,24/05/12,4:1,.40,.405,.405,,,,
,
BHP Billiton Last Sale Price $35.75,
BHPVOR,27.00,29/03/12,4:1,.025,.03,,,,,
BHPVOQ,29.00,29/03/12,4:1,.038,.043,,,,,
BHPVOP,31.00,29/03/12,4:1,.065,.07,.135,,,,
BHPWOZ,33.00,29/03/12,4:1,.135,.14,.16,,,,
BHPWOU,35.00,29/03/12,4:1,.275,.28,.385,,,,
BHPWRR,35.00,29/03/12,4:1,.16,.16,,,,,
BHPWRQ,36.00,29/03/12,4:1,.255,.255,.25,,,,
BHPWOT,37.00,29/03/12,4:1,.525,.53,.54,+.5,40,,
BHPVMQ,30.00,26/04/12,4:1,.058,.091,,,,,
BHPVOZ,31.00,26/04/12,4:1,.14,.145,,,,,
BHPVOY,33.00,26/04/12,4:1,.235,.24,,,,,
BHPVMP,34.00,26/04/12,4:1,.23,.255,.27,,,,
BHPUOT,35.00,26/04/12,4:1,.385,.39,,,,,
BHPUOS,37.00,26/04/12,4:1,.615,.62,,,,,
BHPWOS,31.00,24/05/12,4:1,.22,.225,,,,,
BHPWOR,33.00,24/05/12,4:1,.34,.345,.34,,,,
BHPWOQ,35.00,24/05/12,4:1,.51,.515,,,,,
BHPWOP,37.00,24/05/12,4:1,.74,.745,,,,,
,
C'wlth Bank of Aust Last Sale Price $49.15,
CBAVMQ,45.00,29/03/12,4:1,.046,.069,,,,,
CBAWOZ,45.00,29/03/12,5:1,.105,.11,.275,,,,
CBAWRQ,45.00,29/03/12,4:1,.019,.04,.33,,,,
CBAWOU,47.00,29/03/12,5:1,.175,.18,.24,,,,
CBAVMP,48.00,29/03/12,4:1,.15,.175,.175,,200,,
CBAWOT,49.00,29/03/12,5:1,.31,.315,.48,,,,
CBAWRP,49.00,29/03/12,4:1,.20,.215,,,,,
CBAWOS,51.00,29/03/12,5:1,.52,.525,.485,,,,
CBAVOW,46.00,26/04/12,5:1,.225,.23,,,,,
CBAVOV,48.00,26/04/12,5:1,.34,.345,,,,,
CBAVOU,50.00,26/04/12,5:1,.50,.505,,,,,
CBAWOR,46.00,24/05/12,5:1,.31,.315,.30,,,,
CBAWOQ,48.00,24/05/12,5:1,.43,.435,,,,,
CBAWOP,50.00,24/05/12,5:1,.595,.60,,,,,
,
Fortescue Metals Grp Last Sale Price $5.42,
FMGWOT,3.75,29/03/12,3:1,.022,.027,,,,,
FMGWOQ,4.25,29/03/12,3:1,.03,.035,.049,,,,
FMGWOP,4.75,29/03/12,3:1,.048,.053,.07,,,,
FMGWRQ,5.25,29/03/12,2:1,.085,.09,,,,,
FMGWRP,5.50,29/03/12,2:1,.135,.15,,,,,
FMGVOV,4.75,26/04/12,3:1,.077,.082,,,,,
FMGVOU,5.25,26/04/12,3:1,.13,.135,,,,,
FMGWOS,4.75,24/05/12,3:1,.10,.105,,,,,
FMGWOR,5.25,24/05/12,3:1,.16,.165,,,,,
,
Macquarie Grp Last Sale Price $27.29,
MQGWOU,18.00,29/03/12,4:1,.018,.023,,,,,
MQGWOT,21.00,29/03/12,4:1,.038,.043,.069,,,,
MQGWRQ,22.00,29/03/12,4:1,.007,.04,.092,,,,
MQGWOS,24.00,29/03/12,4:1,.095,.10,.11,,,,
MQGWRP,27.00,29/03/12,4:1,.155,.165,,,,,
MQGVOW,23.00,26/04/12,4:1,.135,.14,,,,,
MQGVOV,25.00,26/04/12,4:1,.23,.235,,,,,
MQGVOU,27.00,26/04/12,4:1,.395,.40,,,,,
MQGWOW,23.00,24/05/12,4:1,.255,.26,,,,,
MQGWOV,25.00,24/05/12,4:1,.41,.415,,,,,
MQGWOP,27.00,24/05/12,4:1,.635,.64,,,,,
,
National Aust Bank Last Sale Price $23.29,
NABVMQ,19.00,29/03/12,4:1,.001,,,,,,
NABWOZ,19.00,29/03/12,4:1,.036,.041,,,,,
NABWOU,21.00,29/03/12,4:1,.08,.085,.085,,500,,
NABVMP,22.00,29/03/12,4:1,.051,.074,.074,,,,
NABWRP,22.50,29/03/12,4:1,.039,.051,.046,-9.4,60,,
NABWOT,23.00,29/03/12,4:1,.205,.21,.21,,,,
NABWRQ,23.50,29/03/12,4:1,.135,.155,,,,,
NABWOS,25.00,29/03/12,4:1,.47,.475,.50,,,,
NABVOW,19.00,26/04/12,4:1,.061,.066,,,,,
NABVOV,21.00,26/04/12,4:1,.12,.125,,,,,
NABVOU,23.00,26/04/12,4:1,.25,.255,,,,,
NABWOR,19.00,24/05/12,4:1,.085,.09,,,,,
NABWOQ,21.00,24/05/12,4:1,.165,.17,,,,,
NABWOP,23.00,24/05/12,4:1,.315,.32,,,,,
,
Newcrest Min Last Sale Price $33.31,
NCMWOT,29.00,29/03/12,4:1,.086,.091,.11,,,,
NCMWOQ,31.00,29/03/12,4:1,.19,.195,,,,,
NCMWOP,33.00,29/03/12,4:1,.375,.38,,,,,
NCMWRQ,33.00,29/03/12,4:1,.245,.255,,,,,
NCMWRP,35.00,29/03/12,4:1,.53,.545,.265,,,,
NCMVOZ,28.00,26/04/12,4:1,.125,.13,,,,,
NCMVOV,31.00,26/04/12,4:1,.30,.305,,,,,
NCMVOU,34.00,26/04/12,4:1,.615,.62,,,,,
NCMWOW,28.00,24/05/12,4:1,.205,.21,,,,,
NCMWOV,31.00,24/05/12,4:1,.415,.42,,,,,
NCMWOU,34.00,24/05/12,4:1,.745,.75,,,,,
,
QBE Insurance Grp Last Sale Price $11.50,
QBEWOR,9.00,29/03/12,4:1,,,,,,,
QBEWOS,10.00,29/03/12,4:1,.055,.06,,,,,
QBEWOT,11.00,29/03/12,4:1,,,,,,,
QBEVOY,10.50,26/04/12,4:1,,,,,,,
QBEVOX,11.50,26/04/12,4:1,.24,.245,,,,,
QBEWOV,10.50,24/05/12,4:1,.165,.17,,,,,
QBEWOU,11.50,24/05/12,4:1,,,,,,,
,
Rio Tinto Last Sale Price $67.70,
RIOWOV,56.00,29/03/12,6:1,.072,.077,.135,,,,
RIOWOR,59.00,29/03/12,6:1,.13,.135,,,,,
RIOWRP,60.00,29/03/12,6:1,.048,.057,.069,,,,
RIOWOQ,62.00,29/03/12,6:1,.215,.22,.235,,,,
RIOWOP,65.00,29/03/12,6:1,.36,.365,.36,+.5,818,,
RIOWRQ,68.00,29/03/12,6:1,.40,.415,.40,,660,,
RIOVMQ,55.00,26/04/12,4:1,.135,.17,.27,,,,
RIOVMP,60.00,26/04/12,4:1,.325,.35,.37,,,,
RIOWOS,60.00,26/04/12,6:1,.27,.275,,,,,
RIOVOV,64.00,26/04/12,6:1,.45,.455,,,,,
RIOVOU,68.00,26/04/12,6:1,.72,.725,,,,,
RIOWOW,60.00,24/05/12,6:1,.38,.385,.38,-1,30,,
RIOWOX,64.00,24/05/12,6:1,.585,.59,,,,,
RIOWOU,68.00,24/05/12,6:1,.87,.875,,,,,
,
Telstra Corp Last Sale Price $3.26,
TLSWOX,3.00,29/03/12,2:1,.021,.026,,,,,
TLSWRQ,3.00,29/03/12,2:1,.006,.04,,,,,
TLSWOW,3.25,29/03/12,2:1,.046,.051,,,,,
TLSWRP,3.25,29/03/12,2:1,.028,.04,,,,,
TLSWOV,3.50,29/03/12,2:1,.13,.135,,,,,
TLSVOY,3.25,26/04/12,2:1,.063,.068,,,,,
TLSVOX,3.50,26/04/12,2:1,.14,.145,,,,,
TLSWOY,3.25,24/05/12,2:1,.078,.083,,,,,
TLSWOU,3.50,24/05/12,2:1,.145,.15,,,,,
,
Westpac Banking Last Sale Price $20.68,
WBCVMQ,15.00,29/03/12,4:1,.001,,,,,,
WBCWOV,16.00,29/03/12,4:1,.026,.031,,,,,
WBCVMP,18.00,29/03/12,4:1,.001,,,,,,
WBCWOU,18.00,29/03/12,4:1,.049,.054,.105,,,,
WBCWRP,19.50,29/03/12,4:1,.041,.041,,,,,
WBCWOT,20.00,29/03/12,4:1,.135,.14,.175,,,,
WBCWRQ,20.00,29/03/12,4:1,.06,.06,,,,,
WBCWOS,22.00,29/03/12,4:1,.39,.395,.34,,,,
WBCVOW,17.00,26/04/12,4:1,.071,.076,,,,,
WBCVOV,19.00,26/04/12,4:1,.14,.145,,,,,
WBCVOX,21.00,26/04/12,4:1,.305,.31,,,,,
WBCWOW,17.00,24/05/12,4:1,.115,.12,,,,,
WBCWOP,19.00,24/05/12,4:1,.235,.24,.245,,,,
WBCWOZ,21.00,24/05/12,4:1,.46,.465,,,,,
,
Wesfarmers Last Sale Price $28.80,
WESWOT,27.00,29/03/12,4:1,.135,.14,.13,,,,
WESWRQ,29.00,29/03/12,4:1,.18,.195,,,,,
WESWOS,30.00,29/03/12,4:1,.45,.455,,,,,
WESWRP,30.00,29/03/12,4:1,.32,.34,,,,,
WESWOP,32.00,29/03/12,4:1,.82,.825,,,,,
WESVOY,27.00,26/04/12,4:1,.195,.20,,,,,
WESVOX,30.00,26/04/12,4:1,.505,.51,,,,,
WESWOV,27.00,24/05/12,4:1,.255,.26,,,,,
WESWOU,30.00,24/05/12,4:1,.575,.58,,,,,
,
Woolworths Last Sale Price $24.95,
WOWWOT,22.00,29/03/12,4:1,.035,.04,,,,,
WOWWOS,24.00,29/03/12,4:1,.145,.15,,,,,
WOWWOR,26.00,29/03/12,4:1,.44,.445,,,,,
,
Woodside Petroleum Last Sale Price $36.90,
WPLWOU,27.00,29/03/12,5:1,.021,.026,,,,,
WPLWOT,30.00,29/03/12,5:1,.034,.039,.105,,,,
WPLWOR,33.00,29/03/12,5:1,.076,.081,.069,-2.8,100,,
WPLWRQ,34.00,29/03/12,4:1,.067,.073,,,,,
WPLWRP,35.00,29/03/12,4:1,.092,.105,.092,-.4,150,,
WPLVOY,31.00,26/04/12,5:1,.094,.099,,,,,
WPLVOV,33.00,26/04/12,5:1,.155,.16,,,,,
WPLVOU,35.00,26/04/12,5:1,.245,.25,.245,,,,
WPLWOW,31.00,24/05/12,5:1,.15,.155,,,,,
WPLWOV,33.00,24/05/12,5:1,.23,.235,,,,,
WPLWOX,35.00,24/05/12,5:1,.34,.345,,,,,
,
Basket Put Warrants,
Equity Endowment Warrants,
Telstra Corp Last Sale Price $3.26,
TLSEEA,1.86,02/10/12,1:1,1.40,,1.15,,,,
,
Equity Installment Warrants,
APN European Ret Last Sale Price $0.00,
AEZSZC,0.87,30/06/17,1:1,.001,,.083,,,,
,
Aust Foundation Last Sale Price $4.22,
AFISMW,3.24,29/06/12,1:1,1.105,,.965,,,,
AFISZB,2.30,30/06/16,1:1,1.77,,2.41,,,,
,
AGL Energy Last Sale Price $13.80,
AGKIRZ,11.50,28/06/12,1:1,2.71,2.71,,,,,
AGKSSR,7.54,29/06/12,1:1,6.60,6.61,6.65,,,,
AGKSMW,10.55,29/06/12,1:1,3.55,,6.58,,,,
AGKIRA,8.00,27/09/12,1:1,6.15,6.15,,,,,
AGKIZR,8.00,03/12/12,1:1,6.21,,,,,,
AGKIZZ,8.00,03/12/12,1:1,6.21,6.40,7.10,,,,
AGKIRQ,8.10,03/12/12,1:1,6.19,6.19,6.18,-4,50,,
AGKSMA,6.99,28/06/13,1:1,7.01,,6.87,,,,
AGKIOO,9.00,16/12/13,1:1,6.89,6.90,6.76,,,,
AGKSOC,7.10,26/06/14,1:1,7.08,7.09,8.76,,,,
AGKSMC,7.94,30/06/15,1:1,6.79,,8.85,,,,
AGKSZB,2.69,30/06/16,1:1,11.17,,11.62,,,,
AGKSWG,7.19,30/06/16,1:1,7.54,7.56,8.71,,,,
AGKSZC,7.55,30/06/17,1:1,6.52,,8.05,,,,
AGKSMY,11.31,30/06/17,1:1,2.91,,3.44,,,,
AGKSZU,7.41,04/02/19,1:1,6.39,,,,,,
AGKSZX,8.58,04/02/19,1:1,5.23,,5.99,,,,
AGKSRX,6.18,06/08/21,1:1,7.63,7.63,,,,,
AGKSRU,7.39,06/08/21,1:1,6.41,6.41,6.49,,,,
AGKSRT,8.58,06/08/21,1:1,5.23,5.23,5.22,-6,15,,
,
Asciano Last Sale Price $4.89,
AIOSOA,21.69,28/06/12,1:1,.15,.16,.15,,,,
AIOSMW,17.27,29/06/12,1:1,.425,,.50,,,,
AIOSOB,7.71,27/06/13,1:1,.98,.99,1.095,,,,
AIOSMA,11.72,28/06/13,1:1,.285,,.18,,,,
AIOIOO,3.00,16/12/13,1:1,2.83,2.84,,,,,
AIOSSA,6.21,30/06/14,1:1,.66,,.495,,,,
AIOSSB,3.47,30/06/15,1:1,1.80,,.98,,,,
AIOSZC,26.94,30/06/17,1:1,1.275,,.965,,,,
AIOSZW,1.89,28/12/17,1:1,2.99,,1.07,,,,
AIOSZX,2.57,04/02/19,1:1,2.30,,1.97,,,,
AIOSRW,1.89,06/08/21,1:1,2.99,3.01,,,,,
AIOSRX,2.20,06/08/21,1:1,2.67,2.69,,,,,
AIOSRT,2.57,06/08/21,1:1,2.30,2.32,,,,,
,
Aust Infrastructure Fd Last Sale Price $2.04,
AIXSRX,1.03,06/08/21,1:1,1.01,1.015,,,,,
,
Aristocrat Leisure Last Sale Price $2.90,
ALLSOA,9.47,28/06/12,1:1,.11,.12,.50,,,,
ALLSMW,12.73,29/06/12,1:1,.305,,.89,,,,
ALLSMA,6.65,28/06/13,1:1,.155,,,,,,
ALLIOO,1.50,16/12/13,1:1,1.77,1.78,,,,,
ALLSSA,9.74,30/06/14,1:1,.505,,1.085,,,,
ALLSMY,14.26,30/06/17,1:1,.345,,.93,,,,
,
Australand Prop Last Sale Price $2.66,
ALZSSU,1.99,29/06/12,1:1,.755,,,,,,
,
Amcor Last Sale Price $6.91,
AMCSOA,3.75,28/06/12,1:1,3.26,3.27,3.16,,,,
AMCIZZ,4.00,03/12/12,1:1,3.10,,3.05,,,,
AMCIOO,4.50,16/12/13,1:1,3.51,3.52,,,,,
AMCSZA,2.04,30/06/15,1:1,4.90,,4.72,,,,
AMCSOE,3.14,23/06/16,1:1,4.06,4.07,4.15,,,,
AMCSZX,3.16,04/02/19,1:1,3.73,,4.00,,,,
AMCSRX,2.70,06/08/21,1:1,4.20,4.22,,,,,
AMCSRT,3.14,06/08/21,1:1,3.75,3.77,,,,,
,
AMP Last Sale Price $3.98,
AMPIOU,3.50,29/03/12,1:1,.52,.53,.835,,,,
AMPIOL,5.00,25/05/12,1:1,.082,.092,.10,,,,
AMPIOE,3.00,28/06/12,1:1,1.12,1.13,1.48,,,,
AMPIRZ,3.25,28/06/12,1:1,.865,.87,1.11,,,,
AMPIOF,3.75,28/06/12,1:1,.60,.61,.805,,,,
AMPISN,4.54,28/06/12,1:1,,,,,,,
AMPISM,5.22,28/06/12,1:1,.43,.465,,,,,
AMPSOA,6.12,28/06/12,1:1,.068,.078,.09,,,,
AMPSSR,2.21,29/06/12,1:1,1.73,1.74,2.95,,,,
AMPSST,3.25,29/06/12,1:1,.785,.795,.79,,190,,
AMPSMW,6.00,29/06/12,1:1,.14,,.145,,,,
AMPIOW,2.00,30/08/12,1:1,2.10,2.11,2.12,-20,8,,
AMPISW,2.18,17/09/12,1:1,,,,,,,
AMPIRA,2.50,27/09/12,1:1,1.625,1.63,,,,,
AMPIOZ,2.50,29/11/12,1:1,1.81,1.82,,,,,
AMPIRQ,2.20,03/12/12,1:1,1.935,1.94,,,,,
AMPIZR,3.00,03/12/12,1:1,1.21,,1.66,,,,
AMPIZZ,3.00,03/12/12,1:1,1.21,,1.655,,,,
AMPSOB,2.40,27/06/13,1:1,1.735,1.745,2.52,,,,
AMPSMA,5.08,28/06/13,1:1,.14,,.285,,,,
AMPIOO,2.50,16/12/13,1:1,2.22,2.23,,,,,
AMPIOI,3.50,16/12/13,1:1,1.74,1.75,1.825,,,,
AMPSOC,2.06,26/06/14,1:1,2.23,2.24,2.52,,,,
AMPSSA,5.96,30/06/14,1:1,.455,,1.005,,,,
AMPSOD,3.35,26/06/15,1:1,1.585,1.595,2.84,,,,
AMPSZA,0.61,30/06/15,1:1,3.38,,3.46,,,,
AMPSMC,3.29,30/06/15,1:1,1.51,,2.73,,,,
AMPSSB,4.59,30/06/15,1:1,.745,,2.89,,,,
AMPSOE,1.71,23/06/16,1:1,2.49,2.50,2.81,,,,
AMPSOF,2.21,23/06/16,1:1,2.21,2.22,,,,,
AMPSWB,1.70,30/06/16,1:1,2.41,,2.51,,,,
AMPSWH,1.86,30/06/16,1:1,2.40,2.42,,,,,
AMPSWG,2.46,30/06/16,1:1,2.09,2.11,2.23,,,,
AMPSZB,3.81,30/06/16,1:1,.735,,.85,,,,
AMPSMX,3.87,30/06/16,1:1,.695,,1.575,,,,
AMPSWC,4.23,30/06/16,1:1,.46,,.58,,,,
AMPSWD,8.05,30/06/16,1:1,.205,,.215,,,,
AMPSMY,6.76,30/06/17,1:1,.275,,.285,,,,
AMPSZD,3.43,28/06/18,1:1,.885,,3.67,,,,
AMPSMB,5.08,29/06/18,1:1,.51,,.57,,,,
AMPSZX,2.18,04/02/19,1:1,1.795,,1.855,,,,
AMPSZW,3.10,04/02/19,1:1,.88,,1.125,,,,
AMPSRX,1.58,06/08/21,1:1,2.39,2.40,2.68,,,,
AMPSRT,2.18,06/08/21,1:1,1.795,1.80,1.92,,,,
AMPSRW,3.10,06/08/21,1:1,.88,.885,1.12,,,,
,
ANZ Banking Grp Last Sale Price $21.88,
ANZIOU,14.50,29/03/12,1:1,7.53,7.54,7.04,,,,
ANZIZJ,16.97,29/03/12,1:1,5.04,,5.37,,,,
ANZIO1,11.00,11/05/12,1:1,11.26,11.27,11.34,,,,
ANZIOL,17.50,25/05/12,1:1,4.88,4.89,4.96,,,,
ANZIOE,12.00,28/06/12,1:1,10.28,10.29,10.28,,,,
ANZIRZ,15.25,28/06/12,1:1,7.12,7.09,,,,,
ANZIOF,16.00,28/06/12,1:1,6.59,6.60,6.06,,,,
ANZSOA,16.68,28/06/12,1:1,5.63,5.64,3.67,,,,
ANZISN,22.54,28/06/12,1:1,,,,,,,
ANZISM,23.76,28/06/12,1:1,3.53,3.65,,,,,
ANZSSR,4.01,29/06/12,1:1,18.09,18.10,17.20,,,,
ANZSSS,11.66,29/06/12,1:1,10.76,10.77,10.83,,,,
ANZSST,16.27,29/06/12,1:1,6.34,6.35,4.61,,,,
ANZSMW,17.06,29/06/12,1:1,5.33,,5.64,,,,
ANZMMI,19.11,29/06/12,1:1,3.50,,1.62,,,,
ANZSSC,22.12,29/06/12,1:1,1.25,1.26,1.53,,,,
ANZIOW,10.00,30/08/12,1:1,12.41,12.42,12.40,,,,
ANZJR2,14.54,06/09/12,1:1,7.38,7.35,7.69,,,,
ANZIRA,10.50,27/09/12,1:1,11.87,11.84,,,,,
ANZIO2,10.00,07/11/12,1:1,12.38,12.39,,,,,
ANZIOZ,12.00,29/11/12,1:1,11.31,11.32,,,,,
ANZIRQ,12.00,03/12/12,1:1,10.75,10.72,10.36,,,,
ANZIZR,13.50,03/12/12,1:1,9.22,,8.86,,,,
ANZIZW,13.50,03/12/12,1:1,9.22,,7.53,,,,
ANZIZZ,13.50,03/12/12,1:1,9.22,,9.49,,,,
ANZSOB,7.86,27/06/13,1:1,14.23,14.24,11.84,,,,
ANZSMZ,11.52,28/06/13,1:1,10.84,,13.14,,,,
ANZSMA,14.83,28/06/13,1:1,7.53,,6.64,,,,
ANZIOO,13.00,16/12/13,1:1,12.62,12.63,12.40,,,,
ANZIOI,18.00,16/12/13,1:1,10.15,10.16,,,,,
ANZSOC,4.93,26/06/14,1:1,17.12,17.13,15.98,,,,
ANZSSA,16.10,30/06/14,1:1,7.22,,6.64,,,,
ANZSOD,12.57,26/06/15,1:1,11.00,11.01,11.24,,,,
ANZSWM,5.24,30/06/15,1:1,16.94,,16.90,+156,4,,
ANZSZA,6.30,30/06/15,1:1,15.76,,15.43,,,,
ANZSSB,10.99,30/06/15,1:1,11.82,,10.33,,,,
ANZSMC,12.55,30/06/15,1:1,10.85,,10.27,,,,
ANZSOE,9.24,23/06/16,1:1,13.67,13.68,13.78,,,,
ANZSOF,11.24,23/06/16,1:1,12.33,12.34,,,,,
ANZSWB,9.18,30/06/16,1:1,13.03,,12.34,,,,
ANZSWH,9.24,30/06/16,1:1,14.16,14.17,14.23,,,,
ANZSWG,11.48,30/06/16,1:1,12.53,12.55,12.65,+50,2,,
ANZSZB,13.65,30/06/16,1:1,8.79,,8.15,,,,
ANZSWC,14.36,30/06/16,1:1,8.12,,7.55,,,,
ANZSMX,14.72,30/06/16,1:1,7.64,,7.38,,,,
ANZSWE,18.52,30/06/16,1:1,4.47,,4.35,,,,
ANZSWD,21.26,30/06/16,1:1,3.06,,3.03,,,,
ANZSMY,19.35,30/06/17,1:1,4.32,,4.42,,,,
ANZSZD,6.60,28/06/18,1:1,15.46,,14.40,,,,
ANZSMB,16.22,29/06/18,1:1,6.06,,7.85,,,,
ANZSZX,4.94,04/02/19,1:1,16.98,,16.63,,,,
ANZSZW,9.53,04/02/19,1:1,12.38,,11.47,,,,
ANZSZV,12.17,04/02/19,1:1,9.74,,9.85,,,,
ANZSRT,4.94,06/08/21,1:1,16.98,16.95,,,,,
ANZSRX,8.67,06/08/21,1:1,13.24,13.21,12.45,,,,
ANZSRW,9.53,06/08/21,1:1,12.38,12.35,12.08,,,,
ANZSRV,12.17,06/08/21,1:1,9.74,9.71,9.55,,,,
,
APA Grp Last Sale Price $4.82,
APASRX,2.41,06/08/21,1:1,2.39,2.41,,,,,
APASRY,2.91,06/08/21,1:1,1.895,1.91,,,,,
,
Argo Invest Last Sale Price $5.23,
ARGSZB,3.91,30/06/16,1:1,1.35,,1.79,,,,
,
ASX Last Sale Price $31.25,
ASXIOL,25.00,25/05/12,1:1,6.91,6.92,7.77,,,,
ASXSOA,28.02,28/06/12,1:1,4.75,4.76,3.65,,,,
ASXSSR,10.67,29/06/12,1:1,20.15,20.17,24.82,,,,
ASXSMW,26.23,29/06/12,1:1,5.75,,5.58,,,,
ASXIRQ,16.40,03/12/12,1:1,15.81,15.82,,,,,
ASXSOB,11.35,27/06/13,1:1,20.27,20.28,26.33,,,,
ASXSMZ,16.72,28/06/13,1:1,15.20,,13.56,,,,
ASXSMA,27.86,28/06/13,1:1,4.72,,3.87,,,,
ASXIOO,18.00,16/12/13,1:1,17.33,17.34,18.41,,,,
ASXIOI,24.00,16/12/13,1:1,13.92,13.93,14.85,,,,
ASXSOC,11.27,26/06/14,1:1,20.40,20.41,17.49,,,,
ASXSSA,31.14,30/06/14,1:1,4.88,,13.11,,,,
ASXSZA,0.20,30/06/15,1:1,31.05,,34.67,,,,
ASXSMC,16.35,30/06/15,1:1,16.89,,,,,,
ASXSSB,20.26,30/06/15,1:1,13.58,,20.12,,,,
ASXSOE,13.14,23/06/16,1:1,19.63,19.64,,,,,
ASXSWB,14.37,30/06/16,1:1,17.41,,16.57,,,,
ASXSZB,15.33,30/06/16,1:1,16.30,,20.33,,,,
ASXSZC,26.15,30/06/17,1:1,7.08,,16.54,,,,
ASXSMY,29.28,30/06/17,1:1,5.92,,5.69,,,,
ASXSZD,14.65,28/06/18,1:1,16.94,,21.83,,,,
ASXSMB,29.25,29/06/18,1:1,6.31,,6.12,,,,
ASXSZX,10.56,04/02/19,1:1,20.68,,17.27,,,,
ASXSZW,16.24,04/02/19,1:1,15.00,,13.40,,,,
ASXSRT,10.56,06/08/21,1:1,20.68,20.69,,,,,
ASXSRX,11.77,06/08/21,1:1,19.48,19.49,,,,,
ASXSRW,16.24,06/08/21,1:1,15.00,15.01,,,,,
,
Alumina Last Sale Price $1.31,
AWCIRZ,1.25,28/06/12,1:1,.165,.17,.125,,,,
AWCSOA,5.56,28/06/12,1:1,.056,.066,.19,,,,
AWCSSR,0.82,29/06/12,1:1,.535,.545,1.295,,,,
AWCSST,0.97,29/06/12,1:1,.385,.395,.32,,,,
AWCIRA,0.95,27/09/12,1:1,.445,.45,.615,,,,
AWCIZR,1.50,03/12/12,1:1,.145,,.33,,,,
AWCIZZ,1.50,03/12/12,1:1,.145,,.185,,,,
AWCSOB,2.02,27/06/13,1:1,.21,.22,.175,,,,
AWCSMA,3.16,28/06/13,1:1,.07,,1.955,,,,
AWCIOO,0.90,16/12/13,1:1,.795,.805,,,,,
AWCIOI,1.20,16/12/13,1:1,.695,.705,.73,,,,
AWCSSB,3.61,30/06/15,1:1,.315,,.39,,,,
AWCSOE,0.84,23/06/16,1:1,.77,.78,,,,,
,
Billabong Int'l Last Sale Price $2.98,
BBGSMA,7.39,28/06/13,1:1,.175,,5.27,,,,
BBGSWB,6.77,30/06/16,1:1,.05,,.05,,,,
BBGSZB,10.78,30/06/16,1:1,1.07,,5.33,,,,
,
Bendigo & Adelaide Bk Last Sale Price $7.64,
BENSMW,8.49,29/06/12,1:1,.305,,.375,,,,
BENJR2,6.04,24/07/12,1:1,1.62,1.605,2.13,,,,
BENIRQ,5.00,03/12/12,1:1,3.12,3.11,3.47,,,,
BENSMA,6.90,28/06/13,1:1,1.24,,7.30,,,,
BENIOO,5.50,16/12/13,1:1,3.95,3.96,4.48,,,,
BENIOI,7.50,16/12/13,1:1,3.21,3.22,3.70,,,,
BENSZA,1.95,30/06/15,1:1,5.75,,7.12,,,,
BENSZB,7.91,30/06/16,1:1,1.43,,2.23,,,,
BENSRX,5.00,06/08/21,1:1,2.66,2.65,2.87,,,,
,
Berkshire Hathaway Inc Class B,
BHASRX,36.70,06/08/21,1:1,37.67,37.86,,,,,
,
BHP Billiton Last Sale Price $35.75,
BHPIOU,28.50,29/03/12,1:1,7.45,7.46,7.60,,,,
BHPIZJ,33.07,29/03/12,1:1,2.92,,5.32,,,,
BHPIO1,22.00,11/05/12,1:1,14.83,14.84,18.07,,,,
BHPIOM,30.00,25/05/12,1:1,6.97,6.98,7.32,,,,
BHPIOL,40.00,25/05/12,1:1,1.20,1.21,1.225,,,,
BHPSOA,23.11,28/06/12,1:1,13.11,13.12,13.21,,,,
BHPIOC,25.00,28/06/12,1:1,12.07,12.08,14.20,,,,
BHPIOE,27.50,28/06/12,1:1,9.52,9.53,9.64,+12,20,,
BHPIRZ,30.00,28/06/12,1:1,7.01,7.05,7.00,,,,
BHPIOF,32.50,28/06/12,1:1,5.61,5.62,5.63,-17,63,,
BHPISN,40.19,28/06/12,1:1,,,,,,,
BHPISM,47.47,28/06/12,1:1,1.80,2.02,,,,,
BHPSSR,16.27,29/06/12,1:1,19.58,19.59,19.68,,,,
BHPSMW,18.68,29/06/12,1:1,17.71,17.85,17.85,,,,
BHPSST,31.70,29/06/12,1:1,5.91,5.92,6.49,,,,
BHPMMI,39.98,29/06/12,1:1,2.04,,2.59,,,,
BHPSSC,42.30,29/06/12,1:1,.115,.125,.655,,,,
BHPIOW,20.00,30/08/12,1:1,16.89,16.90,18.27,,,,
BHPIRA,21.00,27/09/12,1:1,15.73,15.77,16.50,,,,
BHPIO2,18.00,07/11/12,1:1,19.89,19.90,,,,,
BHPIOZ,21.00,29/11/12,1:1,17.04,17.05,18.48,,,,
BHPIRQ,20.60,03/12/12,1:1,16.52,16.55,18.05,,,,
BHPIZR,25.50,03/12/12,1:1,11.84,,11.85,,,,
BHPIZZ,25.50,03/12/12,1:1,11.84,,11.83,,,,
BHPSOB,21.20,27/06/13,1:1,16.37,16.38,15.67,,,,
BHPSMA,22.64,28/06/13,1:1,14.11,,14.51,,,,
BHPSMZ,28.64,28/06/13,1:1,8.03,,18.22,,,,
BHPIOO,23.00,16/12/13,1:1,18.89,18.90,18.66,,,,
BHPIOI,30.00,16/12/13,1:1,15.26,15.27,16.32,,,,
BHPSOC,14.03,26/06/14,1:1,23.08,23.09,22.81,,,,
BHPSSA,24.74,30/06/14,1:1,12.88,,13.31,,,,
BHPSOD,27.64,26/06/15,1:1,15.40,15.41,14.99,,,,
BHPSZA,5.38,30/06/15,1:1,30.46,,31.61,,,,
BHPSMC,24.10,30/06/15,1:1,17.28,,17.86,,,,
BHPSSB,25.17,30/06/15,1:1,14.84,,19.71,,,,
BHPSOE,18.96,23/06/16,1:1,20.92,20.93,22.57,,,,
BHPSOF,23.96,23/06/16,1:1,18.13,18.14,17.68,,,,
BHPSWB,10.93,30/06/16,1:1,25.38,,26.52,,,,
BHPSWC,15.79,30/06/16,1:1,20.92,,21.05,,,,
BHPSWH,17.49,30/06/16,1:1,22.44,22.47,22.55,,,,
BHPSMX,18.34,30/06/16,1:1,18.08,,18.56,,,,
BHPSZB,19.61,30/06/16,1:1,17.44,,18.42,,,,
BHPSWE,21.29,30/06/16,1:1,16.16,,17.55,,,,
BHPSWG,23.25,30/06/16,1:1,18.71,18.73,18.55,,,,
BHPSWF,25.90,30/06/16,1:1,12.62,,13.83,,,,
BHPSMY,20.96,30/06/17,1:1,14.98,,15.16,,,,
BHPSZC,29.05,30/06/17,1:1,11.42,,15.02,,,,
BHPSMB,26.81,29/06/18,1:1,10.43,,10.46,,,,
BHPSZX,14.11,04/02/19,1:1,21.61,,20.63,,,,
BHPSZW,18.18,04/02/19,1:1,17.54,,19.31,,,,
BHPSZU,19.62,04/02/19,1:1,16.10,,17.55,,,,
BHPSZV,24.24,04/02/19,1:1,11.48,,11.36,,,,
BHPSRT,14.11,06/08/21,1:1,21.61,21.65,,,,,
BHPSRX,17.11,06/08/21,1:1,18.61,18.65,16.94,,,,
BHPSRW,18.18,06/08/21,1:1,17.54,17.58,17.19,,,,
BHPSRU,19.62,06/08/21,1:1,16.10,16.14,16.36,,,,
BHPSRV,24.24,06/08/21,1:1,11.48,11.52,11.49,+1,50,,
,
iShares MSCI Brazil etf,
BIFSRX,30.12,06/08/21,1:1,33.33,33.44,,,,,
,
Boral Last Sale Price $4.28,
BLDSOA,5.21,28/06/12,1:1,.195,.205,.215,,,,
BLDIOO,2.50,16/12/13,1:1,2.57,2.58,,,,,
,
Boart Longyear Last Sale Price $4.33,
BLYSMW,13.44,29/06/12,1:1,.325,,.345,,,,
BLYSMA,13.52,28/06/13,1:1,.33,,.445,,,,
BLYSZC,1.71,30/06/17,1:1,2.80,,.165,,,,
BLYSZW,1.76,28/12/17,1:1,2.55,,2.50,,,,
BLYSRX,1.56,04/02/19,1:1,2.76,2.78,,,,,
BLYSRW,1.76,06/08/21,1:1,2.55,2.57,1.97,,,,
,
Bank of Qld Last Sale Price $7.35,
BOQSMW,9.01,29/06/12,1:1,.195,,3.55,,,,
BOQJR2,5.21,06/09/12,1:1,2.12,2.14,,,,,
BOQIRQ,4.50,03/12/12,1:1,3.21,3.23,3.17,,,,
BOQIZR,5.50,03/12/12,1:1,2.25,,3.47,,,,
BOQIZZ,5.50,03/12/12,1:1,2.25,,2.70,,,,
BOQSMA,9.61,28/06/13,1:1,.295,,1.185,,,,
BOQIOO,5.00,16/12/13,1:1,4.13,4.14,,,,,
BOQIOI,7.00,16/12/13,1:1,3.45,3.46,,,,,
BOQSZA,3.25,30/06/15,1:1,3.91,,6.51,,,,
BOQSOE,3.72,23/06/16,1:1,4.53,4.54,4.76,,,,
BOQSZB,9.58,30/06/16,1:1,1.035,,3.78,,,,
BOQSMY,10.15,30/06/17,1:1,.825,,3.75,,,,
BOQSZU,4.84,04/02/19,1:1,2.51,,2.67,,,,
BOQSRX,3.24,06/08/21,1:1,4.09,4.11,4.19,+9,15,,
BOQSRU,4.83,06/08/21,1:1,2.51,2.53,2.61,,,,
,
iShares MSCI BRIC etf,
BRFSRX,11.05,06/08/21,1:1,12.99,13.10,,,,,
,
BlueScope Steel Last Sale Price $0.41,
BSLIOL,1.50,25/05/12,1:1,.038,.048,.255,,,,
BSLSOA,7.45,28/06/12,1:1,.08,.09,.265,,,,
BSLSMW,5.47,29/06/12,1:1,.135,,.14,,,,
BSLIRQ,0.45,03/12/12,1:1,.082,.083,.091,,,,
BSLIZR,1.00,03/12/12,1:1,.018,,.04,,,,
BSLIZZ,1.00,03/12/12,1:1,.018,,.057,,,,
BSLSMA,5.84,28/06/13,1:1,.145,,.058,,,,
BSLIOO,0.40,16/12/13,1:1,.255,.265,,,,,
BSLIOI,0.60,16/12/13,1:1,.22,.23,,,,,
BSLSSA,5.70,30/06/14,1:1,.27,,,,,,
BSLSZA,2.87,30/06/15,1:1,.23,,.285,,,,
BSLSWI,0.20,30/06/16,1:1,.31,.32,,,,,
BSLSWH,0.35,30/06/16,1:1,,.30,.24,,,,
BSLSWG,1.16,30/06/16,1:1,.21,,.27,,,,
BSLSWB,2.36,30/06/16,1:1,.011,,.009,,,,
BSLSMX,3.70,30/06/16,1:1,.088,,4.60,,,,
BSLSZB,4.76,30/06/16,1:1,.50,,.565,,,,
BSLSMY,6.23,30/06/17,1:1,.15,,.435,,,,
BSLSMB,6.53,29/06/18,1:1,.16,,4.80,,,,
BSLSRX,0.26,06/08/21,1:1,.155,.16,.15,+2,400,,
BSLSRT,0.31,06/08/21,1:1,.105,.11,,,,,
,
Brambles Last Sale Price $7.09,
BXBIOL,5.50,25/05/12,1:1,1.83,1.84,2.01,,,,
BXBIRZ,5.00,28/06/12,1:1,2.25,2.25,,,,,
BXBISN,7.14,28/06/12,1:1,,,,,,,
BXBISM,7.66,28/06/12,1:1,1.05,1.095,,,,,
BXBSOA,7.70,28/06/12,1:1,.49,.50,1.43,,,,
BXBSSR,4.07,29/06/12,1:1,3.21,3.22,3.42,,,,
BXBSMW,10.49,29/06/12,1:1,.25,,.26,,,,
BXBIOW,3.50,30/08/12,1:1,3.78,3.79,,,,,
BXBIRA,3.60,27/09/12,1:1,3.66,3.66,,,,,
BXBIRQ,3.60,03/12/12,1:1,3.73,3.73,,,,,
BXBIZZ,4.00,03/12/12,1:1,3.32,,2.90,,,,
BXBSOB,4.03,27/06/13,1:1,3.35,3.36,3.62,,,,
BXBSMA,6.91,28/06/13,1:1,.72,,1.14,,,,
BXBIOO,4.00,16/12/13,1:1,4.25,4.26,,,,,
BXBIOI,5.50,16/12/13,1:1,3.52,3.53,,,,,
BXBSOC,2.96,26/06/14,1:1,4.35,4.36,4.60,,,,
BXBSSA,8.78,30/06/14,1:1,1.19,,1.39,,,,
BXBSZA,3.24,30/06/15,1:1,3.94,,4.04,,,,
BXBSMC,3.86,30/06/15,1:1,3.79,,,,,,
BXBSOE,3.37,23/06/16,1:1,4.33,4.34,,,,,
BXBSOF,3.87,23/06/16,1:1,4.05,4.06,,,,,
BXBSWB,3.72,30/06/16,1:1,3.50,,3.13,,,,
BXBSWG,4.04,30/06/16,1:1,4.03,4.05,4.22,,,,
BXBSZB,7.12,30/06/16,1:1,1.305,,1.475,,,,
BXBSMX,7.27,30/06/16,1:1,1.085,,1.42,,,,
BXBSWC,7.48,30/06/16,1:1,.55,,.59,,,,
BXBSMY,11.26,30/06/17,1:1,.595,,.705,,,,
BXBSMB,7.26,29/06/18,1:1,1.36,,1.575,,,,
BXBSZX,2.80,04/02/19,1:1,4.29,,4.20,,,,
BXBSZV,3.71,04/02/19,1:1,3.38,,2.86,,,,
BXBSRT,2.80,06/08/21,1:1,4.29,4.29,,,,,
BXBSRX,2.91,06/08/21,1:1,4.19,4.19,4.22,,,,
BXBSRV,3.71,06/08/21,1:1,3.38,3.38,,,,,
,
iShares FTSE 25 etf,
C25SZ5,38.83,29/06/12,1:1,3.15,,,,,,
C25SZ3,43.08,29/06/12,1:1,1.325,,,,,,
C25SZ4,43.08,29/06/12,1:1,1.21,,,,,,
C25SZ1,45.21,29/06/12,1:1,1.185,,,,,,
C25SRX,19.04,06/08/21,1:1,17.80,17.87,,,,,
,
Cabcharge Aust Last Sale Price $5.54,
CABSMA,5.67,28/06/13,1:1,.95,,3.40,,,,
CABSRX,2.16,06/08/21,1:1,3.35,3.38,,,,,
CABSRU,2.64,06/08/21,1:1,2.87,2.90,1.87,,,,
,
C'wlth Bank of Aust Last Sale Price $49.15,
CBAIOU,32.00,29/03/12,1:1,17.42,17.43,18.03,,,,
CBAIZJ,39.01,29/03/12,1:1,10.42,12.42,12.42,,,,
CBAIO1,25.00,11/05/12,1:1,25.04,25.05,25.90,,,,
CBAIOL,47.50,25/05/12,1:1,4.34,4.35,4.33,-26,5,,
CBAJR1,35.69,15/06/12,1:1,13.52,13.47,14.50,,,,
CBASOA,26.61,28/06/12,1:1,23.19,23.20,21.78,,,,
CBAIOE,30.00,28/06/12,1:1,20.21,20.22,20.28,,,,
CBAIRZ,36.50,28/06/12,1:1,13.75,13.70,13.37,,,,
CBAISN,52.81,28/06/12,1:1,,,,,,,
CBAISM,56.51,28/06/12,1:1,5.88,6.13,,,,,
CBASSR,5.83,29/06/12,1:1,43.67,43.68,37.36,,,,
CBASSS,23.86,29/06/12,1:1,26.39,26.40,25.47,,,,
CBASMW,26.37,29/06/12,1:1,23.58,,23.29,,,,
CBASST,34.60,29/06/12,1:1,16.11,16.12,12.33,,,,
CBAMMI,41.50,29/06/12,1:1,7.76,,7.03,,,,
CBASSC,50.97,29/06/12,1:1,1.885,1.895,2.20,,,,
CBAIOW,23.50,30/08/12,1:1,26.99,27.00,26.21,,,,
CBAISW,24.78,17/09/12,1:1,,,,,,,
CBAIRA,25.00,27/09/12,1:1,25.30,25.26,24.50,,,,
CBAIO2,24.00,07/11/12,1:1,26.92,26.93,27.79,,,,
CBAIOZ,28.00,29/11/12,1:1,24.26,24.27,25.67,,,,
CBAIRQ,26.50,03/12/12,1:1,24.37,24.33,25.15,,,,
CBAIZR,30.00,03/12/12,1:1,20.86,,20.77,,,,
CBAIZZ,30.00,03/12/12,1:1,20.86,,21.05,,,,
CBASOB,13.14,27/06/13,1:1,36.40,36.41,35.88,,,,
CBASMZ,18.80,28/06/13,1:1,31.03,,28.58,,,,
CBASMA,26.96,28/06/13,1:1,23.06,,22.85,,,,
CBAIOO,30.00,16/12/13,1:1,27.12,27.13,28.03,,,,
CBAIOI,40.00,16/12/13,1:1,21.76,21.77,22.01,,,,
CBASOC,6.05,26/06/14,1:1,43.31,43.32,41.41,,,,
CBASSA,30.18,30/06/14,1:1,20.83,22.00,19.85,,,,
CBASOD,33.64,26/06/15,1:1,22.25,22.26,22.90,,,,
CBASWM,1.82,30/06/15,1:1,47.62,47.64,47.64,+66,2,,
CBASZA,5.37,30/06/15,1:1,43.95,,39.90,,,,
CBASSB,20.85,30/06/15,1:1,29.52,,27.25,,,,
CBASMC,27.74,30/06/15,1:1,24.85,,24.48,,,,
CBASOE,20.25,23/06/16,1:1,31.31,31.32,29.75,,,,
CBASOF,25.25,23/06/16,1:1,27.85,27.86,23.04,,,,
CBASWB,11.44,30/06/16,1:1,38.26,,37.71,,,,
CBASWC,18.08,30/06/16,1:1,31.66,,32.72,,,,
CBASZB,19.86,30/06/16,1:1,29.81,,29.37,,,,
CBASMX,22.21,30/06/16,1:1,27.63,,25.86,,,,
CBASWG,23.34,30/06/16,1:1,30.06,30.08,30.57,,,,
CBASWD,27.00,30/06/16,1:1,23.00,,22.29,,,,
CBASWE,31.38,30/06/16,1:1,18.80,,19.19,,,,
CBASMY,29.79,30/06/17,1:1,20.27,22.00,20.10,,,,
CBASZC,33.26,30/06/17,1:1,17.37,,23.19,,,,
CBASZD,16.63,28/06/18,1:1,32.95,,31.85,,,,
CBASMB,28.35,29/06/18,1:1,21.70,,21.31,,,,
CBASZX,8.48,04/02/19,1:1,40.73,,40.06,,,,
CBASZW,13.76,04/02/19,1:1,35.44,,34.65,,,,
CBASZV,24.22,04/02/19,1:1,24.98,,25.25,,,,
CBASZU,29.69,04/02/19,1:1,19.52,,19.18,,,,
CBASRT,8.48,06/08/21,1:1,40.73,40.68,39.77,,,,
CBASRW,13.76,06/08/21,1:1,35.44,35.39,33.42,,,,
CBASRX,21.62,06/08/21,1:1,27.58,27.53,27.19,,,,
CBASRV,24.22,06/08/21,1:1,24.98,24.93,24.52,,,,
CBASRU,29.69,06/08/21,1:1,19.52,19.47,19.50,+44,5,,
,
Coca-Cola Amatil Last Sale Price $11.79,
CCLISN,13.46,28/06/12,1:1,,,,,,,
CCLSSR,4.02,29/06/12,1:1,7.64,7.65,7.29,,,,
CCLSST,7.41,29/06/12,1:1,4.40,4.41,,,,,
CCLISW,5.92,17/09/12,1:1,,,,,,,
CCLSMA,4.55,28/06/13,1:1,7.45,,7.25,,,,
CCLSSB,3.32,30/06/15,1:1,8.31,,7.95,,,,
CCLSWB,3.39,30/06/16,1:1,8.57,,,,,,
CCLSZX,3.66,04/02/19,1:1,8.11,,7.15,,,,
CCLSZW,5.47,04/02/19,1:1,6.30,,5.85,,,,
CCLSRT,3.66,06/08/21,1:1,8.11,8.13,,,,,
CCLSRX,4.95,06/08/21,1:1,6.83,6.85,,,,,
CCLSRW,5.47,06/08/21,1:1,6.30,6.32,,,,,
,
CFS Retail Prop Last Sale Price $1.78,
CFXSSU,1.34,29/06/12,1:1,.495,,,,,,
,
Challenger Last Sale Price $4.08,
CGFIOC,2.50,28/06/12,1:1,1.72,1.73,,,,,
CGFSMW,2.94,29/06/12,1:1,1.245,,1.465,,,,
CGFSMA,2.11,28/06/13,1:1,2.05,,2.39,,,,
,
Charter Hall Grp Last Sale Price $2.09,
CHCSSU,1.51,29/06/12,1:1,.66,,,,,,
,
Consolidated Media Last Sale Price $2.81,
CMJIZZ,1.50,03/12/12,1:1,1.385,,,,,,
CMJIOO,1.60,16/12/13,1:1,1.68,1.69,,,,,
CMJSZB,1.39,30/06/16,1:1,1.45,,1.29,,,,
,
Centro Properties Last Sale Price $0.04,
CNPSMW,7.67,29/06/12,1:1,,,.033,,,,
,
Cochlear Last Sale Price $60.23,
COHIOO,32.00,16/12/13,1:1,35.75,35.76,38.30,,,,
COHIOI,42.00,16/12/13,1:1,29.88,29.89,30.17,-187,60,,
COHSOC,25.71,26/06/14,1:1,36.13,36.14,39.04,,,,
COHSWG,33.60,30/06/16,1:1,32.06,32.13,32.01,,,,
COHSZX,24.97,04/02/19,1:1,35.17,,25.50,,,,
COHSZW,32.21,04/02/19,1:1,27.93,,22.05,,,,
COHSRT,24.97,06/08/21,1:1,35.17,35.26,,,,,
COHSRX,31.15,06/08/21,1:1,29.00,29.09,20.85,,,,
COHSRW,32.21,06/08/21,1:1,27.93,28.02,,,,,
,
C'wlth Prop Office Last Sale Price $0.97,
CPASSU,0.67,29/06/12,1:1,.32,,,,,,
CPASZX,0.43,04/02/19,1:1,.535,,,,,,
CPASRX,0.37,06/08/21,1:1,.595,.61,,,,,
CPASRT,0.43,06/08/21,1:1,.535,.55,.53,,,,
,
Computershare Last Sale Price $7.70,
CPUIOL,7.50,25/05/12,1:1,.825,.835,1.45,,,,
CPUIRQ,4.00,03/12/12,1:1,3.95,3.96,,,,,
CPUIZZ,5.50,03/12/12,1:1,2.56,,2.70,,,,
CPUIOO,5.00,16/12/13,1:1,4.05,4.06,,,,,
CPUSOC,3.51,26/06/14,1:1,4.49,4.50,4.76,,,,
CPUSMC,6.55,30/06/15,1:1,2.89,,7.95,,,,
CPUSWG,4.72,30/06/16,1:1,3.87,3.89,4.13,,,,
CPUSWB,5.22,30/06/16,1:1,3.09,,,,,,
CPUSZV,3.71,28/12/17,1:1,3.99,,4.61,,,,
CPUSZW,5.18,04/02/19,1:1,2.51,,2.94,,,,
CPUSRX,3.19,06/08/21,1:1,4.50,4.51,,,,,
CPUSRV,3.71,06/08/21,1:1,3.99,4.00,4.03,,8,,
CPUSRW,5.18,06/08/21,1:1,2.51,2.52,2.53,,,,
,
Charter Hall Off REIT Last Sale Price $3.06,
CQOSMA,7.02,28/06/13,1:1,.165,,.046,,,,
CQOSZB,7.54,30/06/16,1:1,.83,,2.68,,,,
,
Charter Hall Ret REIT Last Sale Price $3.10,
CQRSMW,6.68,29/06/12,1:1,.16,,.335,,,,
,
CSL Last Sale Price $33.19,
CSLSOA,19.29,28/06/12,1:1,14.45,14.46,12.38,,,,
CSLIRZ,21.00,28/06/12,1:1,12.71,12.70,11.72,,,,
CSLISN,31.68,28/06/12,1:1,,,,,,,
CSLISM,35.53,28/06/12,1:1,3.51,3.68,,,,,
CSLSMW,16.49,29/06/12,1:1,17.27,,14.45,,,,
CSLSSR,21.93,29/06/12,1:1,12.21,12.24,11.75,,,,
CSLIOW,14.00,30/08/12,1:1,19.82,19.83,17.37,,,,
CSLIRA,14.50,27/09/12,1:1,19.28,19.27,17.50,,,,
CSLIOZ,19.00,29/11/12,1:1,16.05,16.06,15.86,+22,18,,
CSLIRQ,16.60,03/12/12,1:1,17.55,17.54,16.95,,,,
CSLIZZ,19.50,03/12/12,1:1,14.71,,14.00,,,,
CSLSMA,23.13,28/06/13,1:1,10.82,,9.09,,,,
CSLIOO,18.00,16/12/13,1:1,19.45,19.46,18.64,,,,
CSLIOI,24.00,16/12/13,1:1,16.18,16.19,,,,,
CSLSOC,18.13,26/06/14,1:1,17.26,17.27,15.53,,,,
CSLSSA,20.95,30/06/14,1:1,14.04,,14.83,,,,
CSLSOD,20.85,26/06/15,1:1,15.50,15.51,12.79,,,,
CSLSMC,20.09,30/06/15,1:1,15.90,,18.35,,,,
CSLSSB,25.56,30/06/15,1:1,11.49,,16.23,,,,
CSLSOE,16.05,23/06/16,1:1,20.27,20.28,16.34,,,,
CSLSWH,15.00,30/06/16,1:1,21.58,21.60,,,,,
CSLSWG,19.11,30/06/16,1:1,17.60,17.62,16.34,,,,
CSLSWB,23.37,30/06/16,1:1,12.97,,19.28,,,,
CSLSZW,13.48,28/12/17,1:1,19.72,,,,,,
CSLSMB,25.22,29/06/18,1:1,8.59,,10.73,,,,
CSLSZX,20.11,04/02/19,1:1,13.10,,13.12,+81,8,,
CSLSRX,13.34,06/08/21,1:1,19.86,19.85,,,,,
CSLSRW,13.48,06/08/21,1:1,19.72,19.71,,,,,
CSLSRT,20.11,06/08/21,1:1,13.10,13.09,,,,,
,
CSR Last Sale Price $1.94,
CSRIOM,1.75,25/05/12,1:1,.33,.34,,,,,
CSRIRQ,1.19,03/12/12,1:1,.845,.85,,,,,
CSRIZR,1.75,03/12/12,1:1,.39,,.535,,,,
CSRIZZ,1.75,03/12/12,1:1,.39,,.69,,,,
CSRIOO,1.40,16/12/13,1:1,1.035,1.045,,,,,
CSRSZA,1.03,30/06/15,1:1,.87,,1.025,,,,
CSRSZX,1.37,04/02/19,1:1,.56,,.965,,,,
CSRSRT,1.37,06/08/21,1:1,.56,.565,,,,,
,
Crown Last Sale Price $8.30,
CWNSMW,2.80,29/06/12,1:1,5.60,,5.49,,,,
CWNIZZ,5.00,03/12/12,1:1,3.55,,3.55,,,,
CWNSMA,7.00,28/06/13,1:1,1.59,,2.13,,,,
CWNIOO,5.00,16/12/13,1:1,4.65,4.66,4.75,,,,
CWNIOI,6.50,16/12/13,1:1,3.88,3.89,,,,,
CWNSSA,8.85,30/06/14,1:1,1.63,,,,,,
CWNSWG,4.46,30/06/16,1:1,5.05,5.07,,,,,
CWNSZB,5.60,30/06/16,1:1,2.86,,2.69,,,,
CWNSWB,6.19,30/06/16,1:1,3.03,,3.53,,,,
CWNSMY,4.32,30/06/17,1:1,4.15,,4.05,,,,
CWNSMB,6.31,29/06/18,1:1,2.32,,3.08,,,,
CWNSZX,3.91,04/02/19,1:1,4.38,,4.44,,,,
CWNSRX,3.67,06/08/21,1:1,4.61,4.63,,,,,
CWNSRT,3.91,06/08/21,1:1,4.38,4.40,,,,,
,
David Jones Last Sale Price $2.75,
DJSIRQ,1.60,03/12/12,1:1,1.29,1.295,1.31,+27,30,,
DJSIZR,3.00,03/12/12,1:1,.45,,.41,,,,
DJSIZZ,3.00,03/12/12,1:1,.45,,.56,,,,
DJSSZX,1.44,04/02/19,1:1,1.31,,.925,,,,
DJSSRX,1.07,06/08/21,1:1,1.675,1.68,1.53,,,,
DJSSRT,1.44,06/08/21,1:1,1.31,1.315,,,,,
,
iShares Dow Jones US etf,
DJUSRX,29.56,06/08/21,1:1,34.23,34.30,,,,,
,
Downer EDI Last Sale Price $3.85,
DOWSRX,1.72,06/08/21,1:1,2.14,2.14,,,,,
,
DUET Grp Last Sale Price $1.77,
DUESMW,1.19,29/06/12,1:1,.615,,.445,,,,
DUESMA,1.20,28/06/13,1:1,.615,,1.53,,,,
DUESMX,0.62,30/06/16,1:1,1.165,,.96,,,,
DUESZB,0.87,30/06/16,1:1,.89,,.835,,,,
DUESMY,1.57,30/06/17,1:1,.315,,.295,,,,
DUESMB,1.34,29/06/18,1:1,.475,,,,,,
DUESZX,0.72,04/02/19,1:1,1.045,,.835,,,,
DUESRX,0.65,06/08/21,1:1,1.11,1.12,,,,,
DUESRT,0.72,06/08/21,1:1,1.045,1.055,1.02,,,,
,
DEXUS Prop Grp Last Sale Price $0.90,
DXSSSU,0.62,29/06/12,1:1,.29,,,,,,
,
Echo Entertainment Last Sale Price $4.34,
EGPSZX,1.34,04/02/19,1:1,3.00,,2.44,,,,
EGPSZW,1.92,04/02/19,1:1,2.42,,1.79,,,,
EGPSRT,1.34,06/08/21,1:1,3.00,3.01,2.12,,,,
EGPSRX,1.70,06/08/21,1:1,2.64,2.65,1.97,,,,
EGPSRW,1.92,06/08/21,1:1,2.42,2.43,,,,,
,
iShares MSCI Emerging Mkts etf,
EMKSRX,20.81,06/08/21,1:1,19.87,19.96,,,,,
,
Fortescue Metals Grp Last Sale Price $5.42,
FMGIOL,5.00,25/05/12,1:1,.83,.84,.83,-10,15,,
FMGIOC,3.00,28/06/12,1:1,2.63,2.64,2.22,,,,
FMGIRZ,4.50,28/06/12,1:1,1.23,1.225,.78,,,,
FMGIOW,3.50,30/08/12,1:1,2.23,2.24,2.33,,,,
FMGIRA,3.25,27/09/12,1:1,2.42,2.42,2.22,,,,
FMGIOZ,3.00,29/11/12,1:1,2.88,2.89,,,,,
FMGIOO,3.00,16/12/13,1:1,3.44,3.45,,,,,
FMGSOE,2.96,23/06/16,1:1,3.29,3.30,3.03,,,,
FMGSZX,3.46,04/02/19,1:1,1.97,,1.96,,,,
FMGSRX,2.77,06/08/21,1:1,2.66,2.66,2.74,,,,
FMGSRT,3.45,06/08/21,1:1,1.98,1.975,1.99,,,,
,
Fleetwood Corp Last Sale Price $12.37,
FWDSZX,5.74,04/02/19,1:1,6.63,,6.49,,,,
FWDSRX,4.27,06/08/21,1:1,8.10,8.11,,,,,
FWDSRT,5.74,06/08/21,1:1,6.63,6.64,,,,,
,
Fairfax Media Last Sale Price $0.80,
FXJIOL,1.00,25/05/12,1:1,.065,.075,,,,,
FXJSOA,3.09,28/06/12,1:1,.049,.059,.125,,,,
FXJSSR,0.88,29/06/12,1:1,.054,.064,.24,,,,
FXJSMA,2.62,28/06/13,1:1,.056,,.145,,,,
FXJIOO,0.50,16/12/13,1:1,.495,.505,,,,,
FXJSSA,3.24,30/06/14,1:1,.17,,.55,,,,
FXJSSB,2.36,30/06/15,1:1,.205,,.22,,,,
,
Goodman Fielder Last Sale Price $0.69,
GFFSMA,0.85,28/06/13,1:1,.064,,.625,,,,
GFFSRW,0.30,06/08/21,1:1,.38,.385,.375,+15.5,75,,
,
Goodman Grp Last Sale Price $0.68,
GMGSMW,5.38,29/06/12,1:1,.125,,.24,,,,
GMGSMA,2.88,28/06/13,1:1,.063,,.13,,,,
GMGSSA,4.66,30/06/14,1:1,,,.56,,,,
GMGSSB,2.51,30/06/15,1:1,.205,,.20,,,,
GMGSMY,5.77,30/06/17,1:1,.135,,.145,,,,
,
GPT Grp Last Sale Price $3.10,
GPTSOA,14.57,28/06/12,1:1,.001,,.41,,,,
GPTSSU,2.45,29/06/12,1:1,.695,,,,,,
GPTSMW,17.29,29/06/12,1:1,.425,,.845,,,,
GPTSMA,9.99,28/06/13,1:1,.24,,.56,,,,
GPTSMY,19.19,30/06/17,1:1,.47,,.56,,,,
,
Hunter Hall Global Last Sale Price $0.72,
HHVSZC,0.78,30/06/17,1:1,.135,,.20,,,,
,
Harvey Norman Last Sale Price $2.16,
HVNIRQ,1.20,03/12/12,1:1,1.04,1.045,.87,,,,
HVNIZZ,1.75,03/12/12,1:1,.55,,.545,,,,
HVNSZW,1.40,04/02/19,1:1,.76,,.455,,,,
HVNSRX,0.88,06/08/21,1:1,1.275,1.28,,,,,
HVNSRW,1.40,06/08/21,1:1,.76,.765,,,,,
,
iShares IBOXX HYCB etf,
HYGSRX,41.54,06/08/21,1:1,43.30,43.41,,,,,
,
iShares S&P India Nifty 50,
I50SRX,12.95,06/08/21,1:1,10.15,10.22,,,,,
,
iShares S&P Asia 50 Last Sale Price $41.64,
IAAIOM,23.50,25/05/12,1:1,18.61,18.62,19.35,,,,
,
Insurance Aust Grp Last Sale Price $3.28,
IAGIOL,3.00,25/05/12,1:1,.475,.485,.40,,,,
IAGIOF,1.75,28/06/12,1:1,1.59,1.60,,,,,
IAGSOA,3.69,28/06/12,1:1,.17,.18,.265,,,,
IAGSSR,1.93,29/06/12,1:1,1.415,1.425,1.045,,,,
IAGSMW,4.10,29/06/12,1:1,.095,,.175,,,,
IAGIRQ,1.70,03/12/12,1:1,1.665,1.69,,,,,
IAGIZZ,2.00,03/12/12,1:1,1.37,,1.28,,,,
IAGSOB,2.15,27/06/13,1:1,1.29,1.30,,,,,
IAGSMA,2.00,28/06/13,1:1,1.345,,2.28,,,,
IAGIOO,2.00,16/12/13,1:1,1.795,1.805,,,,,
IAGIOI,2.50,16/12/13,1:1,1.535,1.545,,,,,
IAGSOC,1.83,26/06/14,1:1,1.635,1.645,,,,,
IAGSSA,3.31,30/06/14,1:1,.835,,1.225,,,,
IAGSMC,2.15,30/06/15,1:1,1.535,,2.00,,,,
IAGSZA,2.36,30/06/15,1:1,.995,,1.785,,,,
IAGSOE,1.43,23/06/16,1:1,2.01,2.02,,,,,
IAGSWH,1.40,30/06/16,1:1,2.09,2.11,,,,,
IAGSWG,1.99,30/06/16,1:1,1.63,1.65,,,,,
IAGSWB,2.25,30/06/16,1:1,1.22,,.99,,,,
IAGSZB,2.92,30/06/16,1:1,.65,,1.12,,,,
IAGSMX,4.09,30/06/16,1:1,.35,,1.525,,,,
IAGSMY,4.86,30/06/17,1:1,.295,,.505,,,,
IAGSMB,2.35,29/06/18,1:1,.975,,2.39,,,,
IAGSZX,2.01,04/02/19,1:1,1.25,,.975,,,,
IAGSRX,1.34,06/08/21,1:1,1.915,1.94,1.775,,,,
IAGSRT,2.01,06/08/21,1:1,1.25,1.275,.97,,,,
,
iShares MSCI Em Mkt Last Sale Price $40.63,
IEMIOM,23.50,25/05/12,1:1,17.64,17.65,18.18,,,,
IEMSOD,28.70,26/06/15,1:1,20.89,20.90,20.87,,,,
,
iShares S&P High Div Last Sale Price $14.11,
IHDSZX,7.45,04/02/19,1:1,6.55,,6.40,,,,
IHDSRX,5.79,06/08/21,1:1,8.21,,,,,,
IHDSRY,6.43,06/08/21,1:1,7.57,8.30,7.23,,,,
IHDSRT,7.43,06/08/21,1:1,6.57,7.30,5.82,,,,
,
iShares S&P Mcap 600 Last Sale Price $70.93,
IJRSOD,40.27,26/06/15,1:1,40.42,40.43,36.86,,,,
,
iShares S&P/ASX 20 Last Sale Price $18.46,
ILCIO2,9.00,07/11/12,1:1,10.17,10.18,,,,,
ILCSWI,7.73,30/06/16,1:1,12.28,12.36,,,,,
ILCSWH,8.73,30/06/16,1:1,11.64,11.71,,,,,
ILCSWG,10.63,30/06/16,1:1,9.90,9.97,10.17,,,,
ILCSRX,8.15,06/08/21,1:1,9.73,10.83,,,,,
ILCSRY,9.09,06/08/21,1:1,8.79,,,,,,
,
Iluka Res Last Sale Price $16.47,
ILUIOW,8.00,30/08/12,1:1,8.93,8.94,8.93,-16,3,,
,
Investa Office Fd Last Sale Price $0.62,
IOFSSU,0.44,29/06/12,1:1,.185,,,,,,
,
iShares Global 100 Last Sale Price $58.68,
IOOIOM,32.00,25/05/12,1:1,27.30,27.31,26.61,,,,
,
iShares MSCI Aus 200 Last Sale Price $18.54,
IOZSWG,12.30,30/06/16,1:1,8.66,8.71,,,,,
IOZSRX,9.54,06/08/21,1:1,8.46,9.20,,,,,
,
Incitec Pivot Last Sale Price $3.25,
IPLIOW,1.50,30/08/12,1:1,1.84,1.85,1.91,,,,
IPLSOC,1.36,26/06/14,1:1,2.05,2.06,1.95,,,,
IPLSMC,1.82,30/06/15,1:1,1.745,,2.22,,,,
IPLSOE,1.72,23/06/16,1:1,1.98,1.99,2.15,,,,
IPLSZB,1.35,30/06/16,1:1,1.955,,2.38,,,,
IPLSWG,1.92,30/06/16,1:1,1.81,1.83,,,,,
IPLSRX,1.65,06/08/21,1:1,1.60,1.605,1.625,,160,,
,
iShares S&P 500 Last Sale Price $127.98,
IVVSOD,72.79,26/06/15,1:1,65.36,65.37,60.95,,,,
,
iShares Glb Cons Last Sale Price $63.79,
IXIIOM,32.00,25/05/12,1:1,32.40,32.41,31.00,,,,
,
iShares Glb Health Last Sale Price $54.57,
IXJIOM,27.00,25/05/12,1:1,28.11,28.12,27.30,,,,
,
JB Hi-Fi Last Sale Price $11.64,
JBHSMB,7.41,29/06/18,1:1,4.67,,14.80,,,,
JBHSRX,6.71,06/08/21,1:1,4.95,,4.51,,,,
,
Leighton Hldgs Last Sale Price $25.73,
LEISMW,16.89,29/06/12,1:1,9.42,,5.26,,,,
LEIIRQ,11.00,03/12/12,1:1,15.39,15.40,14.08,,,,
LEISMA,32.35,28/06/13,1:1,1.365,,1.375,,,,
LEISOC,7.62,26/06/14,1:1,18.49,18.50,15.61,,,,
LEISMC,20.81,30/06/15,1:1,11.28,,19.63,,,,
LEISOE,10.00,23/06/16,1:1,17.23,17.24,,,,,
LEISWB,4.36,30/06/16,1:1,21.76,,14.06,,,,
LEISMX,8.88,30/06/16,1:1,17.24,,28.67,,,,
LEISWH,10.00,30/06/16,1:1,18.03,18.06,18.52,,,,
LEISWG,16.35,30/06/16,1:1,13.37,13.40,8.20,,,,
LEISWC,22.44,30/06/16,1:1,5.81,,9.80,,,,
LEISZC,25.73,30/06/17,1:1,5.79,,3.79,,,,
LEISZX,6.68,04/02/19,1:1,19.05,,15.83,,,,
LEISZW,10.59,04/02/19,1:1,15.13,,15.40,,,,
LEISRT,6.68,06/08/21,1:1,19.05,19.06,,,,,
LEISRX,9.45,06/08/21,1:1,16.28,16.29,,,,,
LEISRW,10.59,06/08/21,1:1,15.13,15.14,12.29,,,,
,
Lend Lease Grp Last Sale Price $7.33,
LLCIOM,5.50,25/05/12,1:1,2.03,2.04,2.29,,,,
LLCSOA,12.19,28/06/12,1:1,.155,.165,,,,,
LLCSSR,4.05,29/06/12,1:1,3.45,3.46,5.16,,,,
LLCSST,5.63,29/06/12,1:1,1.93,1.94,2.30,,,,
LLCMMI,9.29,29/06/12,1:1,.36,,.43,,,,
LLCSMW,12.38,29/06/12,1:1,.30,,.44,,,,
LLCIRQ,4.25,03/12/12,1:1,3.40,3.41,,,,,
LLCIZZ,5.00,03/12/12,1:1,2.67,,3.58,,,,
LLCSOB,4.29,27/06/13,1:1,3.31,3.32,3.48,,,,
LLCSMA,8.99,28/06/13,1:1,.33,,1.14,,,,
LLCIOO,4.50,16/12/13,1:1,4.06,4.07,,,,,
LLCSOC,2.12,26/06/14,1:1,5.29,5.30,6.52,,,,
LLCSZA,4.12,30/06/15,1:1,3.40,,3.33,,,,
LLCSOE,4.35,23/06/16,1:1,3.91,3.92,3.85,,,,
LLCSWG,4.48,30/06/16,1:1,4.01,4.03,3.80,,,,
LLCSWB,6.70,30/06/16,1:1,1.29,,1.47,,,,
LLCSZB,8.27,30/06/16,1:1,1.295,,3.20,,,,
LLCSMY,13.52,30/06/17,1:1,.53,,1.20,,,,
LLCSZD,4.65,28/06/18,1:1,3.09,,1.665,,,,
LLCSZX,1.86,04/02/19,1:1,5.46,,5.65,,,,
LLCSZW,3.41,04/02/19,1:1,3.91,,3.98,,,,
LLCSZU,4.86,04/02/19,1:1,2.47,,2.86,,,,
LLCSZV,6.23,04/02/19,1:1,1.10,,1.07,,,,
LLCSRT,1.86,06/08/21,1:1,5.46,5.47,,,,,
LLCSRW,3.41,06/08/21,1:1,3.91,3.92,,,,,
LLCSRX,3.76,06/08/21,1:1,3.57,3.58,3.63,+11,80,,
LLCSRU,4.86,06/08/21,1:1,2.47,2.48,,,,,
LLCSRV,6.23,06/08/21,1:1,1.10,1.105,,,,,
,
iShares IBOXX IGCB etf,
LQDSRX,55.71,06/08/21,1:1,52.62,52.73,,,,,
,
Mirvac Grp Last Sale Price $1.17,
MGRSOA,3.52,28/06/12,1:1,.001,,.011,,,,
MGRSSU,0.93,29/06/12,1:1,.28,,,,,,
MGRSMW,3.74,29/06/12,1:1,.084,,.18,,,,
MGRSZB,2.55,30/06/16,1:1,.25,,.305,,,,
MGRSZX,0.55,04/02/19,1:1,.615,,.72,,,,
MGRSRX,0.43,06/08/21,1:1,.73,.74,,,,,
MGRSRT,0.55,06/08/21,1:1,.615,.625,,,,,
,
Macquarie Grp Last Sale Price $27.29,
MQGIOU,22.00,29/03/12,1:1,5.73,5.74,5.24,,,,
MQGIZJ,26.07,29/03/12,1:1,1.60,,1.06,,,,
MQGIO1,18.00,11/05/12,1:1,10.38,10.39,10.18,,,,
MQGIOL,30.00,25/05/12,1:1,2.52,2.53,2.69,,,,
MQGIOC,17.50,28/06/12,1:1,11.04,11.05,,,,,
MQGIOE,20.00,28/06/12,1:1,8.56,8.57,8.61,,,,
MQGIRZ,20.00,28/06/12,1:1,8.11,8.09,7.91,,,,
MQGSOA,56.09,28/06/12,1:1,.705,.715,.74,,,,
MQGSSR,18.10,29/06/12,1:1,10.00,10.01,7.35,,,,
MQGIOW,11.00,30/08/12,1:1,16.94,16.95,11.45,,,,
MQGIRA,13.00,27/09/12,1:1,14.97,14.94,13.12,,,,
MQGIOZ,14.00,29/11/12,1:1,15.27,15.28,,,,,
MQGIRQ,12.90,03/12/12,1:1,15.41,15.38,14.25,,,,
MQGIZR,19.50,03/12/12,1:1,9.45,,10.00,,,,
MQGIZZ,19.50,03/12/12,1:1,9.45,,8.48,,,,
MQGSOB,25.11,27/06/13,1:1,8.70,8.71,8.17,,,,
MQGIOO,14.00,16/12/13,1:1,18.21,18.22,,,,,
MQGIOI,19.00,16/12/13,1:1,15.96,15.97,16.17,,,,
MQGSOC,10.15,26/06/14,1:1,18.61,18.62,19.82,,,,
MQGSSA,49.06,30/06/14,1:1,3.39,,3.44,,,,
MQGSOD,31.80,26/06/15,1:1,9.84,9.85,17.96,,,,
MQGSZA,18.50,30/06/15,1:1,10.18,,6.85,,,,
MQGSSB,34.73,30/06/15,1:1,5.95,,4.92,,,,
MQGSOE,11.85,23/06/16,1:1,17.84,17.85,14.76,,,,
MQGSOF,14.85,23/06/16,1:1,16.49,16.50,12.13,,,,
MQGSWH,11.35,30/06/16,1:1,18.60,18.63,,,,,
MQGSWG,19.82,30/06/16,1:1,14.12,14.15,11.58,,,,
MQGSWB,34.69,30/06/16,1:1,1.70,,1.54,,,,
MQGSZB,41.87,30/06/16,1:1,4.60,,4.64,,,,
MQGSZC,37.84,30/06/17,1:1,5.32,,4.93,,,,
MQGSZD,28.56,28/06/18,1:1,6.33,,15.11,,,,
MQGSZX,10.84,04/02/19,1:1,16.49,,16.01,,,,
MQGSZW,14.77,04/02/19,1:1,12.56,,9.01,,,,
MQGSRX,10.51,06/08/21,1:1,16.81,16.78,14.55,,,,
MQGSRT,10.84,06/08/21,1:1,16.49,16.46,,,,,
MQGSRW,14.77,06/08/21,1:1,12.56,12.53,9.20,,,,
,
Metcash Last Sale Price $4.24,
MTSIOL,3.50,25/05/12,1:1,.86,.87,.83,,,,
MTSJR2,2.71,06/09/12,1:1,1.52,1.535,,,,,
MTSIOO,2.50,16/12/13,1:1,2.35,2.36,2.22,,,,
MTSIOI,3.50,16/12/13,1:1,1.90,1.91,1.80,,,,
MTSSWD,2.19,30/06/16,1:1,2.08,,1.985,,,,
MTSSZX,1.78,04/02/19,1:1,2.45,,2.19,,,,
MTSSRX,1.71,06/08/21,1:1,2.52,2.54,,,,,
MTSSRT,1.78,06/08/21,1:1,2.45,2.47,,,,,
,
Myer Hldgs Last Sale Price $2.32,
MYRIOM,2.00,25/05/12,1:1,.415,.425,.35,,,,
MYRJR2,1.45,24/07/12,1:1,.86,.875,.625,,,,
MYRSOE,1.14,23/06/16,1:1,1.325,1.335,1.08,,,,
MYRSZW,1.05,28/12/17,1:1,1.255,,1.065,,,,
MYRSZX,1.66,04/02/19,1:1,.65,,.855,,,,
MYRSRX,0.87,06/08/21,1:1,1.44,1.455,,,,,
MYRSRW,1.05,06/08/21,1:1,1.255,1.27,,,,,
MYRSRT,1.66,06/08/21,1:1,.65,.665,.63,,,,
,
National Aust Bank Last Sale Price $23.29,
NABIOU,15.50,29/03/12,1:1,8.00,8.01,8.33,,,,
NABIZJ,20.25,29/03/12,1:1,3.25,,5.40,,,,
NABIO1,12.00,11/05/12,1:1,11.92,11.93,12.19,,,,
NABIOL,21.50,25/05/12,1:1,2.96,2.97,3.12,,,,
NABIOE,15.00,28/06/12,1:1,8.82,8.83,8.97,,,,
NABIRZ,18.00,28/06/12,1:1,6.04,5.98,7.09,,,,
NABIOF,20.00,28/06/12,1:1,4.69,4.70,4.85,,,,
NABSOA,23.02,28/06/12,1:1,2.27,2.28,2.27,,,,
NABISN,27.14,28/06/12,1:1,,,,,,,
NABISM,27.70,28/06/12,1:1,3.66,3.79,,,,,
NABSSR,6.47,29/06/12,1:1,17.19,17.20,17.48,,,,
NABSSS,13.91,29/06/12,1:1,10.06,10.07,10.82,,,,
NABSST,18.45,29/06/12,1:1,5.77,5.78,6.03,,,,
NABSMW,23.95,29/06/12,1:1,.845,,.995,,,,
NABSSC,25.50,29/06/12,1:1,.625,.635,.62,,,,
NABMMI,26.99,29/06/12,1:1,1.665,,.74,,,,
NABIOW,11.00,30/08/12,1:1,12.94,12.95,13.93,,,,
NABJR2,15.84,06/09/12,1:1,7.53,7.45,7.64,,,,
NABIRA,12.00,27/09/12,1:1,11.91,11.84,14.37,,,,
NABIO2,12.00,07/11/12,1:1,12.77,12.78,,,,,
NABIOZ,14.00,29/11/12,1:1,11.14,11.15,11.83,,,,
NABIRQ,13.80,03/12/12,1:1,10.65,10.58,10.61,,,,
NABIZR,15.00,03/12/12,1:1,9.33,,11.09,,,,
NABIZW,15.00,03/12/12,1:1,9.33,,10.15,,,,
NABIZZ,15.00,03/12/12,1:1,9.33,,10.16,,,,
NABSOB,12.84,27/06/13,1:1,11.05,11.06,9.09,,,,
NABSMZ,14.26,28/06/13,1:1,9.57,,9.97,,,,
NABSMA,19.83,28/06/13,1:1,3.98,,3.84,,,,
NABIOO,16.00,16/12/13,1:1,12.59,12.60,12.67,,,,
NABIOI,20.00,16/12/13,1:1,10.83,10.84,10.99,,,,
NABSOC,6.32,26/06/14,1:1,17.22,17.23,18.50,,,,
NABSSA,20.65,30/06/14,1:1,5.77,,8.23,,,,
NABSOD,15.50,26/06/15,1:1,10.38,10.39,11.68,,,,
NABSWM,7.84,30/06/15,1:1,15.82,15.84,15.77,-35,3,,
NABSZA,11.23,30/06/15,1:1,12.43,,12.57,,,,
NABSMC,13.10,30/06/15,1:1,11.75,,12.86,,,,
NABSSB,15.15,30/06/15,1:1,10.07,,10.13,,,,
NABSOE,10.62,23/06/16,1:1,13.91,13.92,13.50,,,,
NABSOF,13.12,23/06/16,1:1,12.46,12.47,,,,,
NABSWG,12.22,30/06/16,1:1,13.40,13.42,13.39,,,,
NABSWB,12.39,30/06/16,1:1,11.51,,12.04,,,,
NABSWC,18.84,30/06/16,1:1,5.61,,6.11,,,,
NABSZB,19.81,30/06/16,1:1,5.43,,5.72,,,,
NABSMX,21.33,30/06/16,1:1,4.53,,5.14,,,,
NABSWD,28.89,30/06/16,1:1,.50,,.67,,,,
NABSMY,26.99,30/06/17,1:1,3.09,,3.77,,,,
NABSZD,11.92,28/06/18,1:1,11.71,,12.01,,,,
NABSMB,19.83,29/06/18,1:1,5.58,,6.58,,,,
NABSZX,7.67,04/02/19,1:1,15.71,,15.40,,,,
NABSZW,12.45,04/02/19,1:1,10.92,,10.90,,,,
NABSRT,7.67,06/08/21,1:1,15.70,15.63,15.43,,,,
NABSRX,9.95,06/08/21,1:1,13.42,13.34,13.51,,,,
NABSRW,12.45,06/08/21,1:1,10.91,10.84,10.75,,,,
,
Newcrest Min Last Sale Price $33.31,
NCMIO1,17.80,11/05/12,1:1,16.61,16.62,17.42,,,,
NCMIOM,24.80,25/05/12,1:1,9.30,9.31,9.27,-255,5,,
NCMIOC,28.00,28/06/12,1:1,7.49,7.50,,,,,
NCMIRZ,29.80,28/06/12,1:1,5.11,5.10,5.19,,,,
NCMISN,36.94,28/06/12,1:1,,,,,,,
NCMISM,40.60,28/06/12,1:1,2.72,2.91,,,,,
NCMSSR,23.37,29/06/12,1:1,10.76,10.78,10.88,-173,2,,
NCMIOW,19.79,30/08/12,1:1,14.69,14.70,17.17,,,,
NCMIRA,19.80,27/09/12,1:1,14.45,14.44,15.83,,,,
NCMIOZ,21.00,29/11/12,1:1,14.55,14.56,13.20,,,,
NCMIZZ,23.30,03/12/12,1:1,11.44,,12.02,,,,
NCMSOB,18.34,27/06/13,1:1,16.66,16.67,22.70,,,,
NCMSMA,25.28,28/06/13,1:1,9.10,,12.14,,,,
NCMIOO,22.00,16/12/13,1:1,17.59,17.60,19.84,,,,
NCMIOI,29.00,16/12/13,1:1,14.39,14.40,,,,,
NCMSSB,26.04,30/06/15,1:1,14.71,,20.32,,,,
NCMSOE,17.59,23/06/16,1:1,20.12,20.13,21.26,,,,
NCMSWG,19.96,30/06/16,1:1,18.45,18.61,18.82,,,,
NCMSZX,18.52,04/02/19,1:1,14.80,,15.01,,,,
NCMSRT,18.52,06/08/21,1:1,14.80,14.79,15.80,,,,
,
News Corp Last Sale Price $18.65,
NWSISN,18.93,28/06/12,1:1,,,,,,,
NWSIRQ,9.00,03/12/12,1:1,10.15,10.17,,,,,
NWSSMA,14.63,28/06/13,1:1,4.63,,4.47,,,,
NWSIOO,10.00,16/12/13,1:1,10.84,10.85,,,,,
NWSIOI,14.00,16/12/13,1:1,8.34,8.35,8.57,,,,
NWSSOC,7.28,26/06/14,1:1,11.91,11.92,9.27,,,,
NWSSWG,9.01,30/06/16,1:1,11.71,11.72,9.31,,,,
NWSSZW,6.76,28/12/17,1:1,11.87,,,,,,
NWSSZX,9.61,04/02/19,1:1,9.02,,9.40,,,,
NWSSRW,6.76,06/08/21,1:1,11.87,11.89,,,,,
NWSSRX,7.25,06/08/21,1:1,11.39,11.41,,,,,
NWSSRT,9.61,06/08/21,1:1,9.02,9.04,,,,,
,
Origin Energy Last Sale Price $13.58,
ORGIRZ,10.75,28/06/12,1:1,3.23,3.22,3.51,,,,
ORGISN,15.17,28/06/12,1:1,,,,,,,
ORGISM,16.92,28/06/12,1:1,1.17,1.255,3.10,,,,
ORGSMW,4.31,29/06/12,1:1,9.46,,9.32,,,,
ORGSSR,6.75,29/06/12,1:1,6.91,6.92,6.88,,,,
ORGSST,10.21,29/06/12,1:1,3.59,3.60,,,,,
ORGIOW,7.00,30/08/12,1:1,6.96,6.97,6.96,,,,
ORGIRA,7.25,27/09/12,1:1,6.70,6.68,7.28,,,,
ORGIRQ,7.70,03/12/12,1:1,6.44,6.42,,,,,
ORGIZZ,9.50,03/12/12,1:1,4.72,,5.94,,,,
ORGSMA,3.83,28/06/13,1:1,9.89,,11.67,,,,
ORGIOO,8.50,16/12/13,1:1,7.29,7.30,,,,,
ORGSOC,6.64,26/06/14,1:1,7.65,7.66,7.21,,,,
ORGSMC,8.60,30/06/15,1:1,6.48,,9.26,,,,
ORGSOE,7.50,23/06/16,1:1,8.00,8.01,,,,,
ORGSWB,2.79,30/06/16,1:1,11.03,,12.22,,,,
ORGSWH,6.25,30/06/16,1:1,8.79,8.82,10.03,,,,
ORGSWG,8.50,30/06/16,1:1,7.34,7.37,6.89,,,,
ORGSMB,3.48,29/06/18,1:1,10.23,,11.80,,,,
ORGSZX,6.67,04/02/19,1:1,6.93,,6.75,,,,
ORGSZW,9.05,04/02/19,1:1,4.55,,4.40,,,,
ORGSRX,6.01,06/08/21,1:1,7.59,7.57,7.84,,,,
ORGSRT,6.67,06/08/21,1:1,6.93,6.91,6.55,,,,
ORGSRW,9.05,06/08/21,1:1,4.55,4.53,4.82,,,,
,
Orica Last Sale Price $26.43,
ORIIOL,20.00,25/05/12,1:1,7.01,7.02,6.21,,,,
ORISSR,2.25,29/06/12,1:1,24.30,24.31,20.85,,,,
ORISMW,13.33,29/06/12,1:1,13.56,,12.74,,,,
ORISST,16.49,29/06/12,1:1,10.66,10.67,,,,,
ORIIRQ,11.54,03/12/12,1:1,15.58,15.57,,,,,
ORIIZZ,15.00,03/12/12,1:1,12.25,,,,,,
ORISMA,14.82,28/06/13,1:1,12.30,,10.71,,,,
ORIIOO,15.50,16/12/13,1:1,15.24,15.25,15.05,,,,
ORISOC,3.03,26/06/14,1:1,23.52,23.53,23.48,,,,
ORISSA,13.47,30/06/14,1:1,13.64,,6.35,,,,
ORISMC,11.13,30/06/15,1:1,16.41,,16.48,,,,
ORISOE,12.97,23/06/16,1:1,14.97,14.98,14.25,,,,
ORISWB,8.98,30/06/16,1:1,17.82,,14.63,,,,
ORISWG,12.97,30/06/16,1:1,15.51,15.53,13.53,,,,
ORISMY,14.85,30/06/17,1:1,12.06,,9.75,,,,
ORISMB,16.22,29/06/18,1:1,10.71,,10.39,,,,
ORISZX,10.88,04/02/19,1:1,15.56,,12.06,,,,
ORISRT,10.88,06/08/21,1:1,15.56,15.55,,,,,
ORISRX,10.99,06/08/21,1:1,15.45,15.44,,,,,
,
Oil Search Last Sale Price $6.97,
OSHIRZ,4.75,28/06/12,1:1,2.33,2.35,2.34,,,,
OSHIOW,3.00,30/08/12,1:1,4.12,4.13,3.73,,,,
OSHIRA,3.25,27/09/12,1:1,3.84,3.86,,,,,
OSHIZZ,4.00,03/12/12,1:1,3.17,,3.10,,,,
OSHSMZ,3.56,28/06/13,1:1,3.55,,2.62,,,,
OSHIOO,4.00,16/12/13,1:1,3.96,3.97,,,,,
OSHSZX,3.22,04/02/19,1:1,3.74,,3.17,,,,
OSHSRX,2.96,06/08/21,1:1,4.00,4.02,,,,,
OSHSRT,3.22,06/08/21,1:1,3.74,3.76,3.36,,,,
,
OneSteel Last Sale Price $1.08,
OSTIOL,1.80,25/05/12,1:1,.086,.096,.52,,,,
OSTSMA,3.99,28/06/13,1:1,.089,,.23,,,,
OSTIOO,0.60,16/12/13,1:1,.72,.73,.71,,,,
,
OZ Minerals Last Sale Price $10.95,
OZLSOA,41.56,28/06/12,1:1,.001,,.001,,,,
OZLSOB,16.11,27/06/13,1:1,1.28,1.29,1.275,,,,
OZLSMZ,24.38,28/06/13,1:1,.605,,.76,,,,
OZLIOO,6.50,16/12/13,1:1,6.73,6.74,,,,,
OZLIOI,9.00,16/12/13,1:1,5.69,5.70,5.70,-5,5,,
OZLSOE,4.90,23/06/16,1:1,7.10,7.11,,,,,
OZLSOF,6.40,23/06/16,1:1,6.57,6.58,,,,,
OZLSZB,13.06,30/06/16,1:1,1.24,,1.26,,,,
OZLSWB,16.88,30/06/16,1:1,1.34,,1.46,,,,
OZLSZX,6.24,04/02/19,1:1,4.71,,3.39,,,,
OZLSRX,5.03,06/08/21,1:1,5.92,5.93,6.40,,,,
OZLSRT,6.24,06/08/21,1:1,4.71,4.72,,,,,
,
Pacific Brands Last Sale Price $0.69,
PBGSMA,1.77,28/06/13,1:1,.035,,.057,,,,
PBGSWB,1.02,30/06/16,1:1,.01,,.015,,,,
,
Paladin Energy Last Sale Price $1.85,
PDNIOO,0.90,16/12/13,1:1,1.28,1.29,,,,,
PDNIOI,1.20,16/12/13,1:1,1.095,1.105,,,,,
,
Perpetual Last Sale Price $24.80,
PPTSMW,55.24,29/06/12,1:1,1.365,,1.39,,,,
PPTJR2,16.04,06/09/12,1:1,8.77,8.76,,,,,
PPTSMX,50.85,30/06/16,1:1,2.22,,3.58,,,,
PPTSMY,61.33,30/06/17,1:1,2.60,,2.50,,,,
PPTSZU,16.60,04/02/19,1:1,8.26,,6.90,,,,
PPTSRX,9.56,06/08/21,1:1,15.26,15.25,12.11,,,,
PPTSRU,16.56,06/08/21,1:1,8.25,8.24,7.85,,,,
,
Primary Health Care Last Sale Price $3.16,
PRYSMA,3.87,28/06/13,1:1,.23,,2.15,,,,
PRYSZC,4.86,30/06/17,1:1,.515,,.575,,,,
PRYSZU,1.74,04/02/19,1:1,1.41,,1.60,,,,
PRYSZX,2.34,04/02/19,1:1,.81,,1.19,,,,
PRYSRX,1.31,06/08/21,1:1,1.835,1.85,,,,,
PRYSRU,1.73,06/08/21,1:1,1.415,1.43,,,,,
PRYSRT,2.34,06/08/21,1:1,.81,.825,.86,+38,700,,
,
Platinum Asset Last Sale Price $3.80,
PTMSMW,6.40,29/06/12,1:1,.15,,.185,,,,
PTMSMA,2.27,28/06/13,1:1,1.61,,1.90,,,,
PTMSZC,6.24,30/06/17,1:1,.72,,.915,,,,
,
Qantas Airways Last Sale Price $1.72,
QANIOL,1.80,25/05/12,1:1,.185,.195,.22,,,,
QANSSR,1.00,29/06/12,1:1,.77,.78,.80,,,,
QANSST,1.25,29/06/12,1:1,.525,.535,.165,,,,
QANIRQ,0.80,03/12/12,1:1,.97,.97,,,,,
QANIZR,1.25,03/12/12,1:1,.565,,.555,,,,
QANIZZ,1.25,03/12/12,1:1,.565,,.575,,,,
QANSMA,2.91,28/06/13,1:1,.063,,.205,,,,
QANIOO,1.00,16/12/13,1:1,1.055,1.065,,,,,
QANSOC,1.54,26/06/14,1:1,.625,.635,.61,,,,
QANSSA,4.19,30/06/14,1:1,.275,,.64,,,,
QANSZA,1.06,30/06/15,1:1,.73,,4.02,,,,
QANSMC,1.79,30/06/15,1:1,.665,,1.50,,,,
QANSSB,3.08,30/06/15,1:1,.435,,1.41,,,,
QANSOE,1.00,23/06/16,1:1,1.055,1.065,.845,,,,
QANSWH,0.80,30/06/16,1:1,1.19,1.20,,,,,
QANSWG,1.40,30/06/16,1:1,.85,.87,.87,,,,
QANSZB,1.94,30/06/16,1:1,.365,,.315,,,,
QANSWB,2.01,30/06/16,1:1,.05,,,,,,
QANSMX,2.92,30/06/16,1:1,.22,,.64,,,,
QANSZC,4.23,30/06/17,1:1,.54,,.55,,,,
QANSZT,0.80,28/12/17,1:1,.92,,.765,,,,
QANSZU,1.20,04/02/19,1:1,.52,,.405,,,,
QANSRX,0.73,06/08/21,1:1,.985,.985,.90,,,,
QANSRT,0.80,06/08/21,1:1,.92,.92,,,,,
QANSRU,1.20,06/08/21,1:1,.52,.52,.35,,,,
,
QBE Insurance Grp Last Sale Price $11.50,
QBEIOU,12.00,29/03/12,1:1,.645,.655,1.075,,,,
QBEIZJ,13.50,29/03/12,1:1,,,.305,,,,
QBEIO1,8.50,11/05/12,1:1,3.38,3.39,2.97,,,,
QBEIOL,15.00,25/05/12,1:1,.52,.53,.545,,,,
QBEIOE,10.00,28/06/12,1:1,2.33,2.34,2.34,,,,
QBEIRZ,10.75,28/06/12,1:1,,,1.50,,,,
QBEISN,15.38,28/06/12,1:1,,,,,,,
QBESOA,16.82,28/06/12,1:1,.225,.235,.545,,,,
QBEISM,18.74,28/06/12,1:1,,,,,,,
QBESSR,13.12,29/06/12,1:1,,,.61,,,,
QBESMW,18.72,29/06/12,1:1,,,.47,,,,
QBEMMI,22.05,29/06/12,1:1,,,3.49,,,,
QBEIOW,7.00,30/08/12,1:1,5.12,5.13,5.61,,,,
QBEISW,7.15,17/09/12,1:1,,,,,,,
QBEISZ,11.50,24/09/12,1:1,,,,,,,
QBEISY,11.80,24/09/12,1:1,,,,,,,
QBEIRA,7.50,27/09/12,1:1,,,,,,,
QBEIO2,7.00,07/11/12,1:1,5.63,5.64,6.11,,,,
QBEIOZ,8.50,29/11/12,1:1,4.50,4.51,,,,,
QBEIRQ,7.60,03/12/12,1:1,,,4.74,,,,
QBEIZR,11.00,03/12/12,1:1,,,4.90,,,,
QBEIZZ,11.00,03/12/12,1:1,,,2.35,,,,
QBESOB,9.09,27/06/13,1:1,3.44,3.45,6.29,,,,
QBESMA,16.73,28/06/13,1:1,,,.545,,,,
QBEIOO,8.00,16/12/13,1:1,6.08,6.09,6.33,,,,
QBEIOI,11.00,16/12/13,1:1,5.07,5.08,4.90,,,,
QBESOC,8.58,26/06/14,1:1,4.63,4.64,6.00,,,,
QBESSA,20.32,30/06/14,1:1,,,1.705,,,,
QBESOD,13.84,26/06/15,1:1,3.13,3.14,3.23,,,,
QBESZA,1.57,30/06/15,1:1,,,12.83,,,,
QBESMC,10.99,30/06/15,1:1,,,10.09,,,,
QBESSB,13.05,30/06/15,1:1,,,8.00,,,,
QBESOE,7.38,23/06/16,1:1,5.82,5.83,,,,,
QBESOF,9.38,23/06/16,1:1,4.91,4.92,,,,,
QBESWB,6.25,30/06/16,1:1,,,5.21,,,,
QBESWH,7.00,30/06/16,1:1,,,,,,,
QBESWG,9.44,30/06/16,1:1,,,4.72,,,,
QBESMX,10.85,30/06/16,1:1,,,2.44,,,,
QBESWC,11.19,30/06/16,1:1,,,5.39,,,,
QBESZB,12.04,30/06/16,1:1,,,1.72,,,,
QBESWD,19.31,30/06/16,1:1,.06,,.12,,,,
QBESMY,20.63,30/06/17,1:1,,,.71,,,,
QBESZD,10.83,28/06/18,1:1,,,3.08,,,,
QBESMB,17.42,29/06/18,1:1,,,1.11,,,,
QBESZW,8.33,04/02/19,1:1,,,2.23,,,,
QBESRX,5.61,06/08/21,1:1,,,6.35,,,,
QBESRW,8.33,06/08/21,1:1,,,3.36,,,,
,
QR National Last Sale Price $3.88,
QRNSOE,1.73,23/06/16,1:1,2.43,2.44,,,,,
QRNSZX,1.44,04/02/19,1:1,2.43,,1.53,,,,
QRNSRT,1.44,06/08/21,1:1,2.43,2.45,,,,,
QRNSRX,1.51,06/08/21,1:1,2.36,2.38,,,,,
,
Russell High Div Last Sale Price $22.56,
RDVSOZ,12.58,23/06/16,1:1,12.31,12.32,12.51,,,,
,
Ramsay Health Care Last Sale Price $18.30,
RHCSRX,9.62,06/08/21,1:1,8.65,8.69,,,,,
,
Rio Tinto Last Sale Price $67.70,
RIOIOU,50.00,29/03/12,1:1,18.25,18.26,20.00,,,,
RIOIZJ,60.10,29/03/12,1:1,8.17,,9.73,,,,
RIOIO1,39.00,11/05/12,1:1,31.05,31.06,34.83,,,,
RIOIOL,50.00,25/05/12,1:1,19.39,19.40,19.32,+34,3,,
RIOIOM,72.50,25/05/12,1:1,4.64,4.65,4.65,-25,2,,
RIOIOC,48.00,28/06/12,1:1,22.69,22.70,,,,,
RIOSOA,52.15,28/06/12,1:1,17.78,17.79,18.52,,,,
RIOIRZ,55.00,28/06/12,1:1,15.14,15.07,13.50,,,,
RIOIOE,60.00,28/06/12,1:1,12.47,12.48,12.50,+8,10,,
RIOISN,73.09,28/06/12,1:1,,,,,,,
RIOISM,89.68,28/06/12,1:1,3.61,4.11,,,,,
RIOSMW,38.32,29/06/12,1:1,30.69,,29.75,,,,
RIOSSR,43.86,29/06/12,1:1,25.79,25.81,30.73,,,,
RIOSST,52.61,29/06/12,1:1,17.52,17.84,17.52,+42,1,,
RIOSSC,80.96,29/06/12,1:1,1.215,1.225,1.365,,,,
RIOIOW,35.00,30/08/12,1:1,34.76,34.77,33.00,,,,
RIOIRA,37.00,27/09/12,1:1,32.56,32.47,,,,,
RIOIO2,34.00,07/11/12,1:1,37.67,37.68,,,,,
RIOIOZ,38.50,29/11/12,1:1,33.87,33.88,34.00,,,,
RIOIRQ,34.50,03/12/12,1:1,35.54,35.46,35.07,,,,
RIOIZZ,46.00,03/12/12,1:1,24.75,,27.03,,,,
RIOSOB,52.97,27/06/13,1:1,25.97,25.98,41.64,,,,
RIOSMA,72.40,28/06/13,1:1,6.52,,6.67,,,,
RIOIOO,40.00,16/12/13,1:1,38.76,38.77,37.24,,,,
RIOIOI,55.00,16/12/13,1:1,31.23,31.24,33.30,,,,
RIOSOC,36.55,26/06/14,1:1,38.25,38.26,49.13,,,,
RIOSSA,49.66,30/06/14,1:1,26.26,,26.77,,,,
RIOSOD,45.23,26/06/15,1:1,33.72,33.73,33.97,,,,
RIOSZA,1.99,30/06/15,1:1,64.34,,58.91,,,,
RIOSMC,39.95,30/06/15,1:1,36.88,,36.70,,,,
RIOSOE,37.00,23/06/16,1:1,39.59,39.60,37.42,,,,
RIOSOF,45.50,23/06/16,1:1,35.98,35.99,34.22,,,,
RIOSWB,23.34,30/06/16,1:1,45.65,,42.41,,,,
RIOSWH,33.00,30/06/16,1:1,43.52,43.53,,,,,
RIOSWG,45.17,30/06/16,1:1,36.16,36.17,39.20,,,,
RIOSMX,45.57,30/06/16,1:1,22.84,,26.12,,,,
RIOSZB,46.26,30/06/16,1:1,25.74,,29.34,,,,
RIOSWC,56.18,30/06/16,1:1,19.18,,,,,,
RIOSWD,78.80,30/06/16,1:1,12.35,,23.87,,,,
RIOSMY,44.03,30/06/17,1:1,24.48,,22.73,,,,
RIOSMB,72.40,29/06/18,1:1,15.51,,24.15,,,,
RIOSZX,3.40,04/02/19,1:1,64.39,,83.70,,,,
RIOSZW,30.42,04/02/19,1:1,37.38,,40.81,,,,
RIOSZU,35.23,04/02/19,1:1,32.57,,37.05,,,,
RIOSZV,41.64,04/02/19,1:1,26.16,,26.10,-83,15,,
RIOSRT,3.40,06/08/21,1:1,64.39,64.30,,,,,
RIOSRW,30.42,06/08/21,1:1,37.38,37.29,38.67,,,,
RIOSRX,33.85,06/08/21,1:1,33.94,33.85,33.12,,,,
RIOSRU,35.23,06/08/21,1:1,32.57,32.48,35.00,,,,
RIOSRV,41.64,06/08/21,1:1,26.16,26.07,26.15,+8,50,,
,
ResMed Inc Last Sale Price $2.74,
RMDSZX,1.92,04/02/19,1:1,.805,,.58,,,,
RMDSRX,1.29,06/08/21,1:1,1.44,1.455,,,,,
RMDSRT,1.92,06/08/21,1:1,.81,.825,,,,,
,
Seek Last Sale Price $6.68,
SEKSMA,4.20,28/06/13,1:1,2.61,,3.00,,,,
,
SPDR 50 Fund Last Sale Price $41.20,
SFYIOL,24.50,25/05/12,1:1,17.18,17.19,17.23,,,,
SFYIRA,23.10,29/06/12,1:1,18.63,18.84,18.57,,,,
SFYIZ1,23.10,29/06/12,1:1,19.04,,18.10,,,,
SFYSOE,17.29,23/06/16,1:1,26.55,26.56,,,,,
SFYSZX,18.23,04/02/19,1:1,22.77,,22.56,,,,
SFYSZW,23.48,04/02/19,1:1,17.53,,16.00,,,,
SFYSOX,22.19,19/11/20,1:1,19.00,,,,,,
SFYSRX,17.93,06/08/21,1:1,23.08,23.76,22.91,,,,
SFYSRT,18.23,06/08/21,1:1,22.77,23.45,,,,,
SFYSRW,23.48,06/08/21,1:1,17.53,18.21,17.40,,,,
,
Stockland Last Sale Price $3.11,
SGPSOA,4.74,28/06/12,1:1,.082,.092,3.45,,,,
SGPSSU,2.48,29/06/12,1:1,.735,,,,,,
SGPSMW,5.45,29/06/12,1:1,.13,,.18,,,,
SGPISW,1.71,17/09/12,1:1,,,,,,,
SGPSMA,4.08,28/06/13,1:1,.095,,.325,,,,
SGPSMY,5.84,30/06/17,1:1,.16,,.935,,,,
SGPSMB,4.78,29/06/18,1:1,.225,,2.24,,,,
SGPSZU,1.79,04/02/19,1:1,1.315,,1.585,,,,
SGPSRX,1.15,06/08/21,1:1,1.96,1.965,2.12,,,,
SGPSRU,1.79,06/08/21,1:1,1.32,1.325,1.36,,,,
,
Singapore Tel Last Sale Price $2.30,
SGTSMA,1.81,28/06/13,1:1,.57,,.715,,,,
,
Sonic Healthcare Last Sale Price $11.74,
SHLIRQ,6.00,03/12/12,1:1,6.10,6.12,,,,,
SHLIZR,7.50,03/12/12,1:1,4.63,,4.90,,,,
SHLIZZ,7.50,03/12/12,1:1,4.63,,4.75,,,,
SHLSMA,9.76,28/06/13,1:1,2.29,,2.48,,,,
SHLSMC,7.30,30/06/15,1:1,5.71,,6.37,,,,
SHLSWC,5.37,30/06/16,1:1,6.54,,6.45,,,,
SHLSWG,6.40,30/06/16,1:1,6.75,6.77,6.87,,,,
SHLSZB,10.04,30/06/16,1:1,2.33,,3.63,,,,
SHLSZX,5.82,04/02/19,1:1,5.90,,5.28,,,,
SHLSZW,7.86,04/02/19,1:1,3.87,,4.22,,,,
SHLSRX,5.01,06/08/21,1:1,6.71,6.73,,,,,
SHLSRT,5.82,06/08/21,1:1,5.90,5.92,,,,,
SHLSRW,7.86,06/08/21,1:1,3.87,3.89,,,,,
,
Spark Infrastructure Last Sale Price $1.40,
SKIJR2,0.81,24/07/12,1:1,.59,.595,.60,,,,
SKISZX,0.53,04/02/19,1:1,.86,,.79,,,,
SKISRT,0.53,06/08/21,1:1,.86,.87,,,,,
SKISRX,0.55,06/08/21,1:1,.845,.855,.825,,,,
,
SPDR Prop Fund Last Sale Price $7.65,
SLFIOL,4.00,25/05/12,1:1,3.82,3.83,3.56,,,,
SLFSOA,13.16,28/06/12,1:1,.21,.22,2.23,,,,
SLFSMW,14.98,29/06/12,1:1,.365,,.61,,,,
SLFSMA,10.37,28/06/13,1:1,.465,,.83,,,,
SLFSZB,9.57,30/06/16,1:1,.995,,1.915,,,,
SLFSZX,3.23,04/02/19,1:1,4.44,,4.23,,,,
SLFSZW,4.46,04/02/19,1:1,3.21,,2.80,,,,
SLFSOX,4.08,19/11/20,1:1,3.62,,,,,,
SLFSRX,3.02,06/08/21,1:1,4.65,4.73,,,,,
SLFSRT,3.23,06/08/21,1:1,4.44,4.42,,,,,
SLFSRY,3.51,06/08/21,1:1,4.16,,,,,,
SLFSRW,4.46,06/08/21,1:1,3.21,3.29,3.13,,,,
,
iShares S&P 500 etf,
SP5SZ5,119.07,29/06/12,1:1,19.65,,,,,,
SP5SZ3,132.19,29/06/12,1:1,9.45,,5.26,,,,
SP5SZ4,132.19,29/06/12,1:1,9.49,,,,,,
SP5SZ1,137.99,29/06/12,1:1,5.47,,5.54,,,,
SP5SRX,59.40,06/08/21,1:1,67.19,67.26,,,,,
,
Santos Last Sale Price $14.02,
STOIOU,10.00,29/03/12,1:1,4.13,4.14,4.11,,,,
STOIOL,12.50,25/05/12,1:1,2.17,2.18,2.12,,,,
STOSOA,7.30,28/06/12,1:1,6.93,6.94,6.71,,,,
STOIOE,8.00,28/06/12,1:1,6.31,6.32,6.50,,,,
STOIRZ,9.00,28/06/12,1:1,5.28,5.28,4.89,,,,
STOISN,13.95,28/06/12,1:1,,,,,,,
STOISM,14.52,28/06/12,1:1,2.02,2.09,,,,,
STOSSR,6.55,29/06/12,1:1,7.75,7.77,7.79,+142,17,,
STOSST,9.56,29/06/12,1:1,4.87,4.89,4.17,,,,
STOIOW,6.00,30/08/12,1:1,8.35,8.36,8.40,,,,
STOIRA,6.25,27/09/12,1:1,8.05,8.05,7.11,,,,
STOIOZ,7.50,29/11/12,1:1,7.34,7.35,,,,,
STOIRQ,6.75,03/12/12,1:1,7.71,7.71,7.82,,,,
STOIZZ,9.00,03/12/12,1:1,5.58,,5.40,,,,
STOSOB,10.04,27/06/13,1:1,5.41,5.42,6.23,,,,
STOSMA,6.59,28/06/13,1:1,7.71,,7.88,,,,
STOIOO,8.00,16/12/13,1:1,8.08,8.09,,,,,
STOIOI,10.00,16/12/13,1:1,6.94,6.95,7.23,,,,
STOSOC,6.44,26/06/14,1:1,8.26,8.27,5.83,,,,
STOSOD,8.57,26/06/15,1:1,7.39,7.40,9.93,,,,
STOSZA,2.44,30/06/15,1:1,11.59,,12.21,,,,
STOSMC,8.21,30/06/15,1:1,7.41,,7.09,,,,
STOSOE,6.20,23/06/16,1:1,9.01,9.02,6.60,,,,
STOSWB,5.76,30/06/16,1:1,8.64,,7.12,,,,
STOSZB,6.48,30/06/16,1:1,7.72,,6.32,,,,
STOSWG,7.08,30/06/16,1:1,8.47,8.49,7.90,,,,
STOSZW,6.56,04/02/19,1:1,7.47,,4.68,,,,
STOSZX,8.35,04/02/19,1:1,5.68,,4.95,,,,
STOSRX,5.26,06/08/21,1:1,8.76,8.76,,,,,
STOSRW,6.56,06/08/21,1:1,7.47,7.46,6.93,,,,
STOSRT,8.35,06/08/21,1:1,5.68,5.68,4.03,,,,
,
SPDR 200 Fund Last Sale Price $40.08,
STWIO1,22.00,11/05/12,1:1,18.75,18.76,20.53,,,,
STWIOM,24.00,25/05/12,1:1,16.65,16.66,16.57,,,,
STWIRZ,30.75,28/06/12,1:1,10.34,10.30,,,,,
STWSOA,36.33,28/06/12,1:1,5.44,5.45,5.60,,,,
STWSSR,20.12,29/06/12,1:1,20.23,,19.55,,,,
STWSST,30.76,29/06/12,1:1,10.68,,,,,,
STWSMW,33.96,29/06/12,1:1,7.12,,6.95,,,,
STWSZ5,38.77,29/06/12,1:1,3.37,,,,,,
STWSSC,42.92,29/06/12,1:1,1.505,,4.19,,,,
STWSZ3,43.01,29/06/12,1:1,1.435,,1.89,,,,
STWSZ4,43.01,29/06/12,1:1,1.435,1.435,1.435,,64,,
STWMMI,46.81,29/06/12,1:1,2.08,,1.445,,,,
STWIRA,21.00,27/09/12,1:1,20.01,19.97,,,,,
STWIO2,20.00,07/11/12,1:1,21.96,21.97,,,,,
STWIRQ,21.80,03/12/12,1:1,19.64,19.60,20.75,,,,
STWIZW,26.00,03/12/12,1:1,15.54,,15.05,,,,
STWSMA,31.16,28/06/13,1:1,10.29,,14.52,,,,
STWSOC,15.26,26/06/14,1:1,25.56,25.57,23.98,,,,
STWSOD,26.00,26/06/15,1:1,18.58,18.59,18.69,,,,
STWSOE,18.44,23/06/16,1:1,24.22,24.23,23.71,,,,
STWSOF,22.44,23/06/16,1:1,21.73,21.74,,,,,
STWSWI,15.94,30/06/16,1:1,26.76,26.78,,,,,
STWSWB,18.93,30/06/16,1:1,21.98,,19.81,,,,
STWSWH,18.94,30/06/16,1:1,24.81,24.83,23.60,,,,
STWSWC,24.29,30/06/16,1:1,17.38,,18.32,,,,
STWSWG,24.83,30/06/16,1:1,20.12,20.14,19.82,,,,
STWSZB,27.21,30/06/16,1:1,13.91,,14.19,,,,
STWSWD,31.59,30/06/16,1:1,12.18,,11.99,,,,
STWSZC,40.97,30/06/17,1:1,7.66,,12.46,,,,
STWSZX,16.60,04/02/19,1:1,23.52,,21.87,,,,
STWSZU,20.87,04/02/19,1:1,19.25,,17.27,,,,
STWSZW,26.04,04/02/19,1:1,14.09,,13.70,,,,
STWSOX,22.96,19/11/20,1:1,17.16,,19.30,,,,
STWSRT,16.60,06/08/21,1:1,23.52,23.48,,,,,
STWSRX,17.45,06/08/21,1:1,22.67,22.63,22.62,,,,
STWSRY,19.73,06/08/21,1:1,20.39,,,,,,
STWSRU,20.87,06/08/21,1:1,19.25,19.21,17.79,,,,
STWSRW,26.04,06/08/21,1:1,14.09,14.05,13.77,,,,
,
Suncorp Grp Last Sale Price $7.96,
SUNIOM,4.50,25/05/12,1:1,3.57,3.58,3.72,,,,
SUNIRZ,6.00,28/06/12,1:1,2.15,2.16,2.92,,,,
SUNISM,8.81,28/06/12,1:1,1.36,1.41,1.54,,,,
SUNISN,9.35,28/06/12,1:1,,,,,,,
SUNSOA,12.84,28/06/12,1:1,.145,.155,.165,,,,
SUNSSR,2.86,29/06/12,1:1,5.04,5.05,5.13,,,,
SUNSST,4.88,29/06/12,1:1,3.10,3.11,,,,,
SUNJR1,5.87,24/07/12,1:1,2.09,2.10,2.30,,,,
SUNIOW,3.50,30/08/12,1:1,4.64,4.65,4.99,,,,
SUNIRA,4.25,27/09/12,1:1,3.90,3.91,,,,,
SUNIOZ,5.00,29/11/12,1:1,3.57,3.58,,,,,
SUNIRQ,4.50,03/12/12,1:1,3.76,3.77,4.00,,,,
SUNIZR,5.00,03/12/12,1:1,3.25,,4.19,,,,
SUNIZW,5.00,03/12/12,1:1,3.25,,,,,,
SUNIZZ,5.00,03/12/12,1:1,3.25,,4.03,,,,
SUNSOB,6.25,27/06/13,1:1,2.65,2.66,3.41,,,,
SUNSMA,8.69,28/06/13,1:1,.63,,.91,,,,
SUNIOO,5.00,16/12/13,1:1,4.35,4.36,4.75,,,,
SUNIOI,7.00,16/12/13,1:1,3.44,3.45,,,,,
SUNSOC,3.73,26/06/14,1:1,4.62,4.63,4.47,,,,
SUNSSA,12.54,30/06/14,1:1,.87,,1.11,,,,
SUNSMC,4.44,30/06/15,1:1,4.32,,,,,,
SUNSZA,5.77,30/06/15,1:1,2.51,,2.91,,,,
SUNSSB,8.16,30/06/15,1:1,2.03,,2.34,,,,
SUNSOE,3.60,23/06/16,1:1,4.98,4.99,5.36,,,,
SUNSWG,4.29,30/06/16,1:1,4.69,4.71,4.78,,,,
SUNSWB,8.73,30/06/16,1:1,1.24,,1.40,,,,
SUNSZB,10.81,30/06/16,1:1,1.075,,1.195,,,,
SUNSWC,12.02,30/06/16,1:1,.52,,.66,,,,
SUNSMX,14.88,30/06/16,1:1,.395,,.685,,,,
SUNSWD,15.26,30/06/16,1:1,.285,,.30,,,,
SUNSZC,8.05,30/06/17,1:1,1.40,,.04,,,,
SUNSZD,7.67,28/06/18,1:1,1.575,,3.22,,,,
SUNSMB,9.39,29/06/18,1:1,1.195,,2.67,,,,
SUNSZX,2.41,04/02/19,1:1,5.54,,5.85,,,,
SUNSZW,4.00,04/02/19,1:1,3.95,,4.29,,,,
SUNSRT,2.41,06/08/21,1:1,5.54,5.55,,,,,
SUNSRX,2.84,06/08/21,1:1,5.11,5.12,5.14,,50,,
SUNSRW,4.00,06/08/21,1:1,3.95,3.96,,,,,
,
Seven West Media Last Sale Price $3.89,
SWMJR2,2.21,24/07/12,1:1,1.675,1.68,1.705,-3,141,,
SWMSZW,1.49,28/12/17,1:1,2.40,,1.74,,,,
SWMSRX,1.04,06/08/21,1:1,2.84,2.85,1.75,,,,
SWMSRW,1.49,06/08/21,1:1,2.40,2.41,2.23,,,,
,
Sydney Airport Last Sale Price $2.65,
SYDSOA,0.89,28/06/12,1:1,1.76,1.77,1.495,,,,
SYDSSR,1.60,29/06/12,1:1,2.17,2.18,2.91,,,,
SYDIRQ,0.87,03/12/12,1:1,1.815,1.83,,,,,
SYDIZR,0.92,03/12/12,1:1,1.765,,,,,,
SYDIZZ,0.92,03/12/12,1:1,1.765,,1.745,,,,
SYDSMA,1.04,28/06/13,1:1,1.67,,,,,,
SYDIOO,2.00,16/12/13,1:1,1.325,1.335,,,,,
SYDSSB,0.28,30/06/15,1:1,1.885,,1.355,,,,
SYDSOE,0.78,23/06/16,1:1,1.915,1.925,1.85,,,,
SYDSZB,0.08,30/06/16,1:1,2.45,,2.49,,,,
SYDSMX,0.11,30/06/16,1:1,2.56,,1.555,,,,
SYDSZC,1.13,30/06/17,1:1,1.43,,1.585,,,,
SYDSZW,0.55,04/02/19,1:1,2.08,,2.16,,,,
SYDSRX,0.55,06/08/21,1:1,2.08,2.10,,,,,
SYDSRT,0.72,06/08/21,1:1,1.92,1.935,,,,,
SYDSRW,1.22,06/08/21,1:1,1.42,1.435,1.41,,,,
,
SPDR MSCI Aus Sel HDY Last Sale Price $22.50,
SYISZX,12.15,04/02/19,1:1,9.55,,12.94,,,,
SYISOX,12.41,19/11/20,1:1,10.07,,10.73,,,,
SYISRX,9.32,06/08/21,1:1,12.37,13.73,,,,,
SYISRT,12.15,06/08/21,1:1,9.55,10.91,,,,,
,
TAH EGP Options,
TA8SSR,2.37,29/06/12,1:1,4.77,4.78,4.28,,,,
TA8SSA,8.72,30/06/14,1:1,.74,,,,,,
,
Tabcorp Hldgs Last Sale Price $2.71,
TAHIOF,1.75,28/06/12,1:1,1.025,1.035,1.095,,,,
TAHSST,2.04,29/06/12,1:1,.765,.775,,,,,
TAHSMW,5.86,29/06/12,1:1,.14,,.19,,,,
TAHIZZ,0.58,03/12/12,1:1,2.15,2.16,2.18,-19,23,,
TAHSMA,2.51,28/06/13,1:1,.395,,1.13,,,,
TAHSZA,0.80,30/06/15,1:1,1.80,,1.84,,,,
TAHSOE,1.18,23/06/16,1:1,1.645,1.655,1.69,,,,
TAHSWB,1.30,30/06/16,1:1,1.58,,1.56,,,,
TAHSWD,4.27,30/06/16,1:1,.091,,.10,,,,
TAHSMX,5.27,30/06/16,1:1,.125,,.295,,,,
TAHSZB,6.38,30/06/16,1:1,.645,,.625,,,,
TAHSMY,7.00,30/06/17,1:1,.165,,.60,,,,
TAHSMB,2.86,29/06/18,1:1,.37,,,,,,
TAHSZX,1.01,04/02/19,1:1,1.70,,1.37,,,,
TAHSZW,1.59,04/02/19,1:1,1.115,,1.18,,,,
TAHSRT,1.01,06/08/21,1:1,1.70,1.705,1.765,,,,
TAHSRX,1.32,06/08/21,1:1,1.39,1.395,1.41,,,,
TAHSRW,1.59,06/08/21,1:1,1.115,1.12,1.15,,,,
,
Transurban Grp Last Sale Price $5.58,
TCLSOA,4.28,28/06/12,1:1,1.455,1.465,1.74,,,,
TCLSSR,1.74,29/06/12,1:1,3.91,3.92,3.90,,,,
TCLSST,3.56,29/06/12,1:1,2.16,2.17,,,,,
TCLMMI,4.49,29/06/12,1:1,1.075,,,,,,
TCLSMW,4.97,29/06/12,1:1,.77,,.77,,,,
TCLIRQ,2.70,03/12/12,1:1,3.02,3.04,,,,,
TCLSMA,3.80,28/06/13,1:1,1.935,,1.865,,,,
TCLSZA,1.85,30/06/15,1:1,3.71,,2.96,,,,
TCLSOE,2.36,23/06/16,1:1,3.41,3.42,,,,,
TCLSWB,2.36,30/06/16,1:1,3.27,,3.26,,,,
TCLSWG,2.72,30/06/16,1:1,3.39,3.41,3.27,,,,
TCLSZB,3.12,30/06/16,1:1,2.38,,2.22,,,,
TCLSMX,3.91,30/06/16,1:1,1.805,,1.78,,,,
TCLSMY,5.35,30/06/17,1:1,.995,,.95,,,,
TCLSMB,4.15,29/06/18,1:1,1.595,,2.91,,,,
TCLSZX,1.86,04/02/19,1:1,3.71,,2.14,,,,
TCLSZW,2.93,04/02/19,1:1,2.63,,1.925,,,,
TCLSRT,1.86,06/08/21,1:1,3.71,3.73,,,,,
TCLSRX,2.19,06/08/21,1:1,3.37,3.39,,,,,
TCLSRW,2.93,06/08/21,1:1,2.63,2.65,,,,,
,
Ten Network Hldgs Last Sale Price $0.80,
TENSWB,1.82,30/06/16,1:1,.12,,.14,,,,
,
Telstra Corp Last Sale Price $3.26,
TLSISX,3.00,22/03/12,1:1,.29,.30,.30,-.5,2000,,
TLSISY,3.20,22/03/12,1:1,,,,,,,
TLSIOU,2.00,29/03/12,1:1,1.285,1.295,1.275,,,,
TLSIZJ,2.27,29/03/12,1:1,1.00,1.04,1.075,,,,
TLSIO1,1.30,11/05/12,1:1,1.90,1.91,1.90,,,,
TLSIOL,2.00,25/05/12,1:1,1.315,1.325,1.36,,,,
TLSIOM,2.50,25/05/12,1:1,.84,.85,.955,,,,
TLSJR1,2.24,15/06/12,1:1,1.015,1.02,1.025,,150,,
TLSIOE,1.50,28/06/12,1:1,1.825,1.835,1.915,,,,
TLSSOA,1.91,28/06/12,1:1,1.40,1.41,1.40,,,,
TLSIOF,2.00,28/06/12,1:1,1.35,1.36,1.52,,,,
TLSIRZ,2.25,28/06/12,1:1,1.06,1.065,1.07,,,,
TLSISM,3.18,28/06/12,1:1,.555,.60,.75,,,,
TLSISN,3.38,28/06/12,1:1,,,,,,,
TLSSMW,1.07,29/06/12,1:1,2.22,,2.17,,,,
TLSSSR,1.49,29/06/12,1:1,1.83,1.84,1.85,,,,
TLSSSC,2.87,29/06/12,1:1,.425,.435,.425,,,,
TLSIOW,1.50,30/08/12,1:1,1.855,1.865,1.875,-13.5,22,,
TLSISW,1.60,17/09/12,1:1,1.725,1.73,1.735,,,,
TLSISU,3.30,24/09/12,1:1,.315,.32,.32,,,,
TLSISV,3.45,24/09/12,1:1,.27,.275,.29,,,,
TLSIRA,1.75,27/09/12,1:1,1.58,1.585,1.735,,,,
TLSIO2,1.50,07/11/12,1:1,1.825,1.835,1.845,,,,
TLSIOZ,2.00,29/11/12,1:1,1.445,1.455,1.435,,,,
TLSIRQ,1.70,03/12/12,1:1,1.655,1.66,1.82,,,,
TLSIRR,1.70,03/12/12,1:1,1.655,1.66,1.80,,,,
TLSIZM,1.75,03/12/12,1:1,1.595,,1.74,,,,
TLSIZW,1.75,03/12/12,1:1,1.595,,1.555,,,,
TLSIZY,1.75,03/12/12,1:1,1.595,,1.55,,,,
TLSIZZ,1.75,03/12/12,1:1,1.595,1.60,1.60,-2.5,4,,
TLSSOB,1.31,27/06/13,1:1,1.985,1.995,1.80,,,,
TLSSMA,1.97,28/06/13,1:1,1.375,,.97,,,,
TLSIOO,2.00,16/12/13,1:1,1.725,1.735,1.77,,,,
TLSIOI,2.50,16/12/13,1:1,1.435,1.445,1.58,,,,
TLSSOC,1.17,26/06/14,1:1,2.13,2.14,1.575,,,,
TLSSSA,2.24,30/06/14,1:1,1.18,,1.22,,,,
TLSSOD,1.63,26/06/15,1:1,1.745,1.755,1.765,,,,
TLSSSB,1.02,30/06/15,1:1,2.29,,1.87,,,,
TLSSZA,1.07,30/06/15,1:1,2.21,,2.10,,,,
TLSSMC,1.30,30/06/15,1:1,2.04,,1.82,,,,
TLSSOE,1.12,23/06/16,1:1,2.18,2.19,2.19,,,,
TLSSOF,1.42,23/06/16,1:1,1.92,1.93,1.96,,,,
TLSSWB,0.70,30/06/16,1:1,2.64,,2.39,,,,
TLSSWG,1.19,30/06/16,1:1,2.22,2.24,2.17,,,,
TLSSWD,1.95,30/06/16,1:1,1.31,,1.14,,,,
TLSSMX,1.97,30/06/16,1:1,1.375,,1.36,,,,
TLSSZZ,2.04,30/06/17,1:1,1.265,,1.015,,,,
TLSSZM,2.12,30/06/17,1:1,1.185,,1.225,,,,
TLSSZW,1.19,04/02/19,1:1,2.06,,2.14,,,,
TLSSZX,1.48,04/02/19,1:1,1.775,,1.775,,,,
TLSSRX,1.15,06/08/21,1:1,2.10,2.11,2.13,+12,150,,
TLSSRW,1.19,06/08/21,1:1,2.06,2.07,2.01,,,,
TLSSRT,1.48,06/08/21,1:1,1.775,1.78,1.875,,,,
,
Toll Hldgs Last Sale Price $5.70,
TOLIOU,3.50,29/03/12,1:1,2.23,2.24,2.11,,,,
TOLIOE,3.00,28/06/12,1:1,2.79,2.80,1.81,,,,
TOLSOA,9.25,28/06/12,1:1,.105,.115,.19,,,,
TOLSSR,3.91,29/06/12,1:1,1.94,1.95,.89,,,,
TOLMMI,5.74,29/06/12,1:1,.685,,,,,,
TOLSM1,9.95,29/06/12,1:1,.24,,.26,,,,
TOLIRQ,2.60,03/12/12,1:1,3.23,3.26,,,,,
TOLIZR,3.50,03/12/12,1:1,2.38,,,,,,
TOLIZW,3.50,03/12/12,1:1,2.38,,,,,,
TOLIZZ,3.50,03/12/12,1:1,2.38,,1.48,,,,
TOLSOB,2.07,27/06/13,1:1,3.68,3.69,4.29,,,,
TOLSMZ,3.77,28/06/13,1:1,2.05,,1.26,,,,
TOLSMA,6.36,28/06/13,1:1,.565,,.375,,,,
TOLIOO,3.00,16/12/13,1:1,3.50,3.51,,,,,
TOLSOC,2.39,26/06/14,1:1,3.50,3.51,2.88,,,,
TOLSSA,8.05,30/06/14,1:1,.70,,1.05,,,,
TOLSOD,5.40,26/06/15,1:1,2.16,2.17,2.73,,,,
TOLSOE,2.37,23/06/16,1:1,3.67,3.68,,,,,
TOLSWG,2.97,30/06/16,1:1,3.35,3.37,,,,,
TOLSWF,3.27,30/06/16,1:1,2.60,,1.96,,,,
TOLSWE,8.01,30/06/16,1:1,.36,,.25,,,,
TOLSMY,0.39,30/06/17,1:1,5.31,,4.57,,,,
TOLSZC,8.81,30/06/17,1:1,1.07,,1.66,,,,
TOLSM2,11.02,30/06/17,1:1,.615,,1.035,,,,
TOLSZD,3.93,28/06/18,1:1,2.06,,,,,,
TOLSMB,7.06,29/06/18,1:1,1.185,,1.435,,,,
TOLSZX,2.71,04/02/19,1:1,2.97,,2.14,,,,
TOLSZU,3.34,04/02/19,1:1,2.34,,1.625,,,,
TOLSRX,1.79,06/08/21,1:1,3.88,3.91,3.05,,,,
TOLSRT,2.71,06/08/21,1:1,2.97,3.00,2.08,,,,
TOLSRU,3.34,06/08/21,1:1,2.34,2.37,,,,,
,
Transpacific Indust Last Sale Price $0.79,
TPISMA,5.16,28/06/13,1:1,.12,,4.97,,,,
,
Tatts Grp Last Sale Price $2.53,
TTSIOF,1.50,28/06/12,1:1,1.09,1.10,1.11,-1,50,,
TTSSSR,1.25,29/06/12,1:1,1.315,1.325,1.145,,,,
TTSSMW,2.45,29/06/12,1:1,.175,,.205,,,,
TTSSMA,2.11,28/06/13,1:1,.505,,.33,,,,
TTSIOO,1.50,16/12/13,1:1,1.46,1.47,,,,,
TTSSSB,1.10,30/06/15,1:1,1.47,,1.16,,,,
TTSSZX,1.24,04/02/19,1:1,1.28,,1.205,,,,
TTSSRX,0.92,06/08/21,1:1,1.595,1.61,,,,,
TTSSRT,1.24,06/08/21,1:1,1.28,1.295,,,,,
,
UGL Last Sale Price $12.43,
UGLSMA,7.67,28/06/13,1:1,5.11,,5.01,,,,
UGLSSB,7.42,30/06/15,1:1,5.37,,8.04,,,,
UGLSWB,5.68,30/06/16,1:1,7.32,,8.16,,,,
UGLSWG,6.28,30/06/16,1:1,7.10,7.12,,,,,
UGLSMB,8.37,29/06/18,1:1,4.57,,6.46,,,,
UGLSZX,3.96,04/02/19,1:1,8.49,,9.02,,,,
UGLSZV,6.62,04/02/19,1:1,5.84,,,,,,
UGLSZW,8.13,04/02/19,1:1,4.33,,4.44,,,,
UGLSRT,3.96,06/08/21,1:1,8.49,8.47,,,,,
UGLSRX,5.16,06/08/21,1:1,7.30,7.28,6.40,,,,
UGLSRV,6.62,06/08/21,1:1,5.84,5.82,5.17,,,,
UGLSRW,8.13,06/08/21,1:1,4.33,4.31,4.81,,,,
,
Westpac Banking Last Sale Price $20.68,
WBCIOU,14.50,29/03/12,1:1,6.24,6.25,6.29,,,,
WBCIZJ,17.13,29/03/12,1:1,3.62,,4.20,,,,
WBCIO1,11.00,11/05/12,1:1,10.06,10.07,10.70,,,,
WBCIOL,20.00,25/05/12,1:1,2.28,2.29,2.39,,,,
WBCIOE,12.00,28/06/12,1:1,9.02,9.03,9.11,,,,
WBCSOA,13.30,28/06/12,1:1,7.58,7.59,8.17,,,,
WBCSOY,13.61,28/06/12,1:1,7.47,7.48,9.28,,,,
WBCIOF,16.00,28/06/12,1:1,5.28,5.29,5.29,,,,
WBCISM,24.00,28/06/12,1:1,3.52,3.63,,,,,
WBCSSR,5.10,29/06/12,1:1,15.77,15.78,15.86,,,,
WBCSMW,12.75,29/06/12,1:1,8.35,9.00,8.43,,,,
WBCSSS,13.40,29/06/12,1:1,7.82,7.83,7.96,,,,
WBCSST,16.76,29/06/12,1:1,4.73,4.74,4.86,,,,
WBCMMI,19.94,29/06/12,1:1,2.50,,1.09,,,,
WBCSSC,22.13,29/06/12,1:1,.735,.745,1.285,,,,
WBCIOW,10.00,30/08/12,1:1,11.18,11.19,11.80,,,,
WBCJR2,14.34,06/09/12,1:1,6.31,6.35,6.25,+38,15,,
WBCISW,10.79,17/09/12,1:1,,,,,,,
WBCIO2,11.00,07/11/12,1:1,11.16,11.17,,,,,
WBCIOZ,13.00,29/11/12,1:1,9.48,9.49,10.50,,,,
WBCIRP,12.00,03/12/12,1:1,9.59,9.63,,,,,
WBCIRQ,12.00,03/12/12,1:1,9.59,9.63,9.82,,,,
WBCIZM,14.00,03/12/12,1:1,7.60,,8.27,,,,
WBCIZR,14.00,03/12/12,1:1,7.60,,8.30,,,,
WBCIZW,14.00,03/12/12,1:1,7.60,,9.04,,,,
WBCIZZ,14.00,03/12/12,1:1,7.60,,7.79,,,,
WBCSOZ,6.97,27/06/13,1:1,13.92,13.93,13.85,,,,
WBCSOB,7.38,27/06/13,1:1,13.42,13.43,13.40,,,,
WBCSMZ,10.77,28/06/13,1:1,10.37,,13.14,,,,
WBCSMA,13.56,28/06/13,1:1,7.62,,7.35,,,,
WBCIOO,13.00,16/12/13,1:1,11.65,11.66,11.29,,,,
WBCIOI,17.00,16/12/13,1:1,9.82,9.83,,,,,
WBCSOC,5.72,26/06/14,1:1,15.12,15.13,18.11,,,,
WBCSS2,13.03,30/06/14,1:1,8.50,,12.67,,,,
WBCSSA,14.24,30/06/14,1:1,7.61,,8.46,,,,
WBCSOD,14.63,26/06/15,1:1,8.59,8.60,9.10,,,,
WBCSZM,2.54,30/06/15,1:1,18.14,,18.15,,,,
WBCSWM,3.35,30/06/15,1:1,17.56,17.51,17.51,-6,4,,
WBCSZA,3.94,30/06/15,1:1,16.78,,16.75,,,,
WBCSSB,11.77,30/06/15,1:1,10.04,,9.69,,,,
WBCSMC,13.41,30/06/15,1:1,9.27,,9.82,,,,
WBCSOE,9.20,23/06/16,1:1,12.42,12.43,12.63,,,,
WBCSOF,11.70,23/06/16,1:1,10.94,10.95,11.06,,,,
WBCSWB,7.23,30/06/16,1:1,13.75,,13.75,,,,
WBCSZZ,9.98,30/06/16,1:1,10.89,,11.11,,,,
WBCSZB,11.07,30/06/16,1:1,9.86,,9.98,,,,
WBCSMX,13.13,30/06/16,1:1,8.00,,8.11,,,,
WBCSWD,15.86,30/06/16,1:1,5.93,,5.93,,,,
WBCSMY,14.65,30/06/17,1:1,6.51,,6.32,,,,
WBCSZC,17.39,30/06/17,1:1,4.82,,8.18,,,,
WBCSZD,9.25,28/06/18,1:1,11.59,,11.51,,,,
WBCSMB,14.25,29/06/18,1:1,6.98,,7.54,,,,
WBCSZX,5.74,04/02/19,1:1,14.90,,15.28,,,,
WBCSZW,8.66,04/02/19,1:1,11.98,,12.15,,,,
WBCSZU,11.05,04/02/19,1:1,9.60,,9.38,,,,
WBCSZV,13.48,04/02/19,1:1,7.17,,7.32,,,,
WBCSRT,5.74,06/08/21,1:1,14.90,14.94,,,,,
WBCSRW,8.66,06/08/21,1:1,11.98,12.02,12.94,,,,
WBCSRX,8.89,06/08/21,1:1,11.75,11.79,11.94,,,,
WBCSRU,11.05,06/08/21,1:1,9.60,9.64,9.40,,,,
WBCSRV,13.48,06/08/21,1:1,7.17,7.21,7.18,,,,
,
Westfield Grp Last Sale Price $8.75,
WDCIOL,7.00,25/05/12,1:1,1.94,1.95,2.04,,,,
WDCJR1,6.12,15/06/12,1:1,2.61,2.64,2.88,,,,
WDCIRZ,6.00,28/06/12,1:1,2.90,2.93,2.56,,,,
WDCSOA,7.64,28/06/12,1:1,1.545,1.555,1.07,,,,
WDCISN,8.22,28/06/12,1:1,,,,,,,
WDCISM,9.54,28/06/12,1:1,1.325,1.38,,,,,
WDCSSR,2.72,29/06/12,1:1,6.12,6.14,4.90,,,,
WDCSSU,6.01,29/06/12,1:1,2.69,,,,,,
WDCSST,6.01,29/06/12,1:1,2.73,2.75,1.87,,,,
WDCSMW,10.73,29/06/12,1:1,.26,,.28,,,,
WDCIOW,3.50,30/08/12,1:1,5.42,5.43,4.67,,,,
WDCISW,4.15,17/09/12,1:1,,,,,,,
WDCIRA,4.25,27/09/12,1:1,4.66,4.69,,,,,
WDCIRQ,4.00,03/12/12,1:1,4.97,5.00,4.74,,,,
WDCIZZ,5.00,03/12/12,1:1,4.00,,3.74,,,,
WDCSMA,7.14,28/06/13,1:1,1.98,,1.415,,,,
WDCIOO,4.50,16/12/13,1:1,5.41,5.42,,,,,
WDCIOI,6.50,16/12/13,1:1,4.40,4.41,,,,,
WDCSOC,1.81,26/06/14,1:1,6.98,6.99,6.57,,,,
WDCSSA,9.54,30/06/14,1:1,1.69,,6.86,,,,
WDCSOD,4.20,26/06/15,1:1,5.00,5.01,4.85,,,,
WDCSZA,1.29,30/06/15,1:1,6.98,,6.09,,,,
WDCSMC,2.94,30/06/15,1:1,6.06,,6.01,,,,
WDCSSB,6.87,30/06/15,1:1,3.44,,5.37,,,,
WDCSOE,4.02,23/06/16,1:1,5.35,5.36,,,,,
WDCSWB,3.36,30/06/16,1:1,5.52,,5.43,,,,
WDCSWG,4.56,30/06/16,1:1,4.98,5.00,4.67,,,,
WDCSZB,5.51,30/06/16,1:1,2.99,,2.58,,,,
WDCSMX,7.36,30/06/16,1:1,1.905,,1.46,,,,
WDCSWD,9.40,30/06/16,1:1,1.06,,.95,,,,
WDCSMY,12.25,30/06/17,1:1,.75,,.53,,,,
WDCSMB,7.14,29/06/18,1:1,2.13,,2.06,,,,
WDCSZX,1.49,04/02/19,1:1,7.24,,5.88,,,,
WDCSZV,3.59,04/02/19,1:1,5.14,,4.12,,,,
WDCSZW,4.60,04/02/19,1:1,4.12,,3.86,,,,
WDCSRT,1.49,06/08/21,1:1,7.24,7.27,,,,,
WDCSRX,3.27,06/08/21,1:1,5.45,5.48,5.57,,,,
WDCSRV,3.59,06/08/21,1:1,5.14,5.17,,,,,
WDCSRW,4.60,06/08/21,1:1,4.12,4.15,4.30,,,,
,
Wesfarmers Option/Basket Last Sale Price $29.41,
WE3ISM,19.01,28/06/12,1:1,14.92,15.12,17.17,,,,
WE3SZY,14.59,04/02/19,1:1,14.91,,19.21,,,,
WE3SRY,14.59,06/08/21,1:1,14.91,14.82,16.86,,,,
,
Wesfarmers Last Sale Price $28.80,
WESIOU,20.00,29/03/12,1:1,9.02,9.03,9.39,,,,
WESIO1,16.00,11/05/12,1:1,13.50,13.51,15.58,,,,
WESIOL,25.00,25/05/12,1:1,4.80,4.81,5.05,,,,
WESIOE,16.00,28/06/12,1:1,13.34,13.35,13.58,,,,
WESSOA,21.15,28/06/12,1:1,8.15,8.16,11.35,,,,
WESIRZ,23.50,28/06/12,1:1,6.12,6.07,,,,,
WESISM,34.36,28/06/12,1:1,3.17,3.31,,,,,
WESISN,34.54,28/06/12,1:1,,,,,,,
WESSSR,5.31,29/06/12,1:1,23.79,23.83,24.51,,,,
WESSMW,19.64,29/06/12,1:1,9.81,,10.87,,,,
WESSST,22.83,29/06/12,1:1,6.53,6.57,6.69,-382,23,,
WESSSC,31.15,29/06/12,1:1,.815,.83,,,,,
WESJR2,22.14,24/07/12,1:1,6.72,6.67,7.22,,,,
WESIOW,15.00,30/08/12,1:1,14.62,14.63,15.12,,,,
WESISW,16.21,17/09/12,1:1,,,,,,,
WESIRA,16.00,27/09/12,1:1,13.56,13.51,14.64,,,,
WESIO2,16.00,07/11/12,1:1,14.84,14.85,16.29,,,,
WESIOZ,20.00,29/11/12,1:1,11.42,11.43,,,,,
WESIRQ,15.20,03/12/12,1:1,14.57,14.52,14.54,-58,1,,
WESIZR,19.00,03/12/12,1:1,10.92,,15.12,,,,
WESIZZ,19.00,03/12/12,1:1,10.92,,13.43,,,,
WESSOB,13.95,27/06/13,1:1,15.43,15.44,19.95,,,,
WESSMA,19.70,28/06/13,1:1,9.99,,10.95,,,,
WESIOO,20.00,16/12/13,1:1,14.51,14.52,16.18,,,,
WESIOI,26.00,16/12/13,1:1,11.65,11.66,12.00,,,,
WESSOC,4.04,26/06/14,1:1,24.93,24.94,25.46,,,,
WESSSA,19.26,30/06/14,1:1,10.82,,15.99,,,,
WESSOD,17.72,26/06/15,1:1,13.63,13.64,18.35,,,,
WESSZA,10.29,30/06/15,1:1,18.80,,19.46,,,,
WESSMC,15.92,30/06/15,1:1,15.18,,15.33,,,,
WESSSB,20.61,30/06/15,1:1,11.46,,13.83,,,,
WESSOE,12.45,23/06/16,1:1,18.14,18.15,,,,,
WESSOF,15.95,23/06/16,1:1,16.01,16.02,,,,,
WESSWB,12.46,30/06/16,1:1,16.95,,18.00,,,,
WESSWG,16.07,30/06/16,1:1,15.50,15.52,17.08,,,,
WESSZB,17.17,30/06/16,1:1,12.27,,13.41,,,,
WESSMX,21.11,30/06/16,1:1,7.95,,9.10,,,,
WESSWC,22.07,30/06/16,1:1,8.21,,15.00,,,,
WESSMY,22.31,30/06/17,1:1,6.73,,7.92,,,,
WESSMB,19.00,29/06/18,1:1,10.65,,10.95,,,,
WESSZX,7.14,04/02/19,1:1,21.71,,22.07,,,,
WESSZW,12.38,04/02/19,1:1,16.48,,17.30,,,,
WESSZV,17.79,04/02/19,1:1,11.06,,13.86,,,,
WESSRT,7.14,06/08/21,1:1,21.71,21.66,,,,,
WESSRX,12.06,06/08/21,1:1,16.79,16.74,,,,,
WESSRW,12.38,06/08/21,1:1,16.48,16.43,17.58,,,,
WESSRV,17.79,06/08/21,1:1,11.06,11.01,11.05,-58,25,,
,
WorleyParsons Last Sale Price $29.80,
WORIRZ,20.50,28/06/12,1:1,9.94,10.12,10.04,+109,85,,
WORSSR,5.55,29/06/12,1:1,24.45,24.49,18.00,,,,
WORSMW,18.95,29/06/12,1:1,11.48,,9.18,,,,
WORMMI,32.59,29/06/12,1:1,3.42,,6.56,,,,
WORIRA,14.00,27/09/12,1:1,16.43,16.48,13.05,,,,
WORSMA,26.44,28/06/13,1:1,5.33,,4.54,,,,
WORIOO,17.00,16/12/13,1:1,17.22,17.23,,,,,
WORSSA,27.13,30/06/14,1:1,8.18,,8.86,,,,
WORSSB,24.93,30/06/15,1:1,10.53,,,,,,
WORSWB,22.74,30/06/16,1:1,10.76,,12.95,,,,
WORSZC,19.69,30/06/17,1:1,12.46,,10.07,,,,
WORSMB,27.83,29/06/18,1:1,8.55,,5.48,,,,
WORSZX,7.22,04/02/19,1:1,22.54,,17.80,,,,
WORSZW,12.03,04/02/19,1:1,17.73,,15.05,,,,
WORSZV,14.74,04/02/19,1:1,15.02,,14.49,,,,
WORSRT,7.22,06/08/21,1:1,22.54,22.59,,,,,
WORSRX,11.41,06/08/21,1:1,18.34,18.39,,,,,
WORSRW,12.03,06/08/21,1:1,17.73,17.78,,,,,
WORSRV,14.74,06/08/21,1:1,15.02,15.07,11.35,,,,
,
Woolworths Last Sale Price $24.95,
WOWIOU,16.50,29/03/12,1:1,8.59,8.60,10.10,,,,
WOWIZJ,20.41,29/03/12,1:1,4.64,,4.84,,,,
WOWIO1,13.00,11/05/12,1:1,12.31,12.32,12.74,,,,
WOWIOL,20.00,25/05/12,1:1,5.41,5.42,5.50,,,,
WOWSOA,16.62,28/06/12,1:1,8.74,8.75,9.19,,,,
WOWIOE,18.00,28/06/12,1:1,7.49,7.50,7.54,,,,
WOWIRZ,19.25,28/06/12,1:1,6.20,6.22,,,,,
WOWISN,26.30,28/06/12,1:1,,,,,,,
WOWISM,30.38,28/06/12,1:1,1.86,2.07,,,,,
WOWSSR,13.16,29/06/12,1:1,12.34,12.35,13.75,,,,
WOWSMW,14.98,29/06/12,1:1,10.43,,10.60,,,,
WOWMMI,23.94,29/06/12,1:1,2.69,,2.22,,,,
WOWSSC,27.82,29/06/12,1:1,.385,.395,.405,,,,
WOWJR1,17.04,24/07/12,1:1,7.90,7.92,8.15,,,,
WOWIOW,14.00,30/08/12,1:1,11.56,11.57,11.76,,,,
WOWISW,12.74,17/09/12,1:1,,,,,,,
WOWISZ,25.00,24/09/12,1:1,2.52,2.53,,,,,
WOWISY,26.00,24/09/12,1:1,2.22,2.23,,,,,
WOWIRA,13.00,27/09/12,1:1,12.47,12.49,12.52,,35,,
WOWIO2,11.00,07/11/12,1:1,14.70,14.71,,,,,
WOWIOZ,18.25,29/11/12,1:1,8.44,8.45,8.39,,,,
WOWIRQ,13.50,03/12/12,1:1,12.22,12.24,12.30,,,,
WOWIZR,15.00,03/12/12,1:1,10.70,,10.95,,,,
WOWIZZ,15.00,03/12/12,1:1,10.70,,10.22,,,,
WOWSMA,17.73,28/06/13,1:1,7.99,,8.66,,,,
WOWIOO,15.00,16/12/13,1:1,13.19,13.20,13.10,,,,
WOWIOI,20.00,16/12/13,1:1,10.36,10.37,10.02,,,,
WOWSOC,12.98,26/06/14,1:1,13.09,13.10,18.21,,,,
WOWSSA,17.23,30/06/14,1:1,8.46,,10.50,,,,
WOWSOD,15.26,26/06/15,1:1,11.08,11.09,11.19,,,,
WOWSZA,4.40,30/06/15,1:1,20.61,,20.05,,,,
WOWSMC,14.65,30/06/15,1:1,11.77,,12.54,,,,
WOWSSB,18.51,30/06/15,1:1,8.61,,11.62,,,,
WOWSOE,11.85,23/06/16,1:1,14.24,14.25,14.00,,,,
WOWSOF,14.85,23/06/16,1:1,12.22,12.23,,,,,
WOWSWB,6.06,30/06/16,1:1,19.19,,19.37,,,,
WOWSWC,9.81,30/06/16,1:1,15.55,,16.27,,,,
WOWSZB,9.82,30/06/16,1:1,15.32,,15.22,,,,
WOWSMX,10.06,30/06/16,1:1,15.26,,15.85,,,,
WOWSWG,13.82,30/06/16,1:1,12.98,13.00,13.01,,,,
WOWSWD,17.64,30/06/16,1:1,8.39,,8.45,,,,
WOWSMY,16.50,30/06/17,1:1,8.94,,9.04,,,,
WOWSZC,19.46,30/06/17,1:1,6.12,,9.45,,,,
WOWSMB,19.82,29/06/18,1:1,5.99,,8.81,,,,
WOWSZX,13.63,04/02/19,1:1,11.31,,11.39,,,,
WOWSRX,11.50,06/08/21,1:1,13.44,13.46,13.03,,,,
WOWSRT,13.63,06/08/21,1:1,11.31,11.33,12.23,,,,
,
Woodside Petroleum Last Sale Price $36.90,
WPLIZJ,33.33,29/03/12,1:1,3.93,,2.69,,,,
WPLIO1,21.00,11/05/12,1:1,17.02,17.03,15.38,,,,
WPLIOL,40.00,25/05/12,1:1,1.91,1.92,1.925,,,,
WPLIOC,20.00,28/06/12,1:1,17.84,17.85,,,,,
WPLIOE,25.00,28/06/12,1:1,12.86,12.87,11.62,,,,
WPLIRZ,26.50,28/06/12,1:1,11.32,11.20,11.50,,,,
WPLSOA,29.42,28/06/12,1:1,8.54,8.55,9.03,,,,
WPLISN,39.82,28/06/12,1:1,,,,,,,
WPLISM,44.68,28/06/12,1:1,2.48,3.48,4.97,,,,
WPLSSR,17.65,29/06/12,1:1,19.62,19.64,16.42,,,,
WPLSMW,23.87,29/06/12,1:1,13.79,,14.13,,,,
WPLSSS,25.81,29/06/12,1:1,11.81,11.83,6.97,,,,
WPLSSC,40.30,29/06/12,1:1,1.125,1.135,1.88,,,,
WPLMMI,59.88,29/06/12,1:1,2.35,,1.35,,,,
WPLIOW,17.00,30/08/12,1:1,20.83,20.84,18.90,,,,
WPLIRA,18.00,27/09/12,1:1,19.79,19.68,,,,,
WPLIO2,18.00,07/11/12,1:1,20.28,20.29,19.50,,,,
WPLIOZ,21.00,29/11/12,1:1,18.31,18.32,,,,,
WPLIRQ,18.80,03/12/12,1:1,19.40,19.28,,,,,
WPLIZR,27.00,03/12/12,1:1,12.23,,12.60,,,,
WPLIZZ,27.00,03/12/12,1:1,12.23,,10.73,,,,
WPLSOB,33.10,27/06/13,1:1,10.56,10.57,8.76,,,,
WPLSMA,28.90,28/06/13,1:1,9.00,,9.10,,,,
WPLIOO,22.00,16/12/13,1:1,20.93,20.94,18.36,,,,
WPLIOI,30.00,16/12/13,1:1,16.87,16.88,,,,,
WPLSOC,14.66,26/06/14,1:1,23.81,23.82,19.70,,,,
WPLSSA,30.75,30/06/14,1:1,11.70,,9.73,,,,
WPLSOD,26.82,26/06/15,1:1,16.32,16.33,13.19,,,,
WPLSMC,25.69,30/06/15,1:1,16.29,,23.22,,,,
WPLSSB,38.97,30/06/15,1:1,10.84,,19.97,,,,
WPLSOE,17.46,23/06/16,1:1,22.83,22.84,22.33,,,,
WPLSOF,21.46,23/06/16,1:1,20.84,20.85,,,,,
WPLSWB,14.44,30/06/16,1:1,23.59,,21.29,,,,
WPLSWH,15.49,30/06/16,1:1,24.35,24.37,,,,,
WPLSWG,22.08,30/06/16,1:1,20.03,20.04,16.61,,,,
WPLSMX,28.70,30/06/16,1:1,9.90,,8.59,,,,
WPLSWC,30.10,30/06/16,1:1,10.85,,13.91,,,,
WPLSZB,30.95,30/06/16,1:1,9.98,,8.55,,,,
WPLSWD,43.26,30/06/16,1:1,2.82,,5.26,,,,
WPLSMY,26.91,30/06/17,1:1,11.02,,10.88,,,,
WPLSMB,32.38,29/06/18,1:1,8.86,,7.97,,,,
WPLSZX,17.33,04/02/19,1:1,19.68,,16.44,,,,
WPLSZV,24.91,04/02/19,1:1,12.11,,10.50,,,,
WPLSRX,16.57,06/08/21,1:1,20.45,20.33,17.41,,,,
WPLSRT,17.33,06/08/21,1:1,19.69,19.57,13.20,,,,
WPLSRV,24.91,06/08/21,1:1,12.12,12.00,12.45,,,,
,
Westfield Retail Tr Last Sale Price $2.50,
WRTSSU,1.92,29/06/12,1:1,.58,,,,,,
WRTJR2,1.61,24/07/12,1:1,.875,.89,,,,,
,
Western Areas Last Sale Price $5.61,
WSAIOE,3.00,28/06/12,1:1,2.71,2.72,2.72,,,,
,
Basket Installment Warrants,
Basket Endowment Warrants,
Portfolio Endowment,
PEWEEA,465.00,16/04/12,1000:1,1.90,2.00,1.87,,,,
PEWEEB,226.10,01/04/13,1000:1,2.07,,2.01,,,,
,
Equity Capital Protection Warrants,
Macquarie Alps,
APSSM3,0.00,21/06/12,1:1,,,9.85,+2,50,,
APSSM4,0.00,20/06/13,1:1,,,9.40,,,,
APSSM5,0.00,07/10/13,1:1,9.27,,9.27,-1,75,,
APSSM6,0.00,28/02/14,1:1,9.10,,9.15,,,,
,
UBS Dabs,
DABSS1,0.01,06/09/12,1:1,104.25,,104.15,,,,
,
UBS Fixed Incomeplus,
FIPSS1,0.01,04/10/21,1:1,.975,,.975,+1.5,250,,
,
Signum Blue Glr,
GLRSJ1,0.00,08/08/12,1:1,987.50,1000.00,990.00,,,,
,
Citigroup MLI Coupon Plus,
MLWSOA,0.00,12/03/12,1:1,.985,,.99,,,,
MLWSOB,0.00,12/03/12,1:1,.985,,,,,,
MLWSOC,0.00,12/03/12,1:1,.715,,1.025,,,,
,
Alpha Results Growth,
RAKSOS,0.00,26/03/12,1:1,1.05,,,,,,
RAKSOT,0.00,26/03/12,1:1,.73,,.56,,,,
RAKSOU,0.00,12/06/12,1:1,.58,,,,,,
RAKSOV,0.00,12/06/12,1:1,.67,,.48,,,,
,
Alpha Results Income,
RAYSOS,0.00,26/03/12,1:1,.985,,.99,,,,
RAYSOT,0.00,26/03/12,1:1,.745,,.64,,,,
RAYSOU,0.00,12/06/12,1:1,.615,,.805,,,,
RAYSOV,0.00,12/06/12,1:1,.72,,.765,,,,
,
Citigroup Yields,
YLDSO4,0.00,07/06/12,1:1,9.33,,9.33,,,,
,
Basket Capital Protection Warrants,
Spread Warrants,
Barrier Call Warrants,
AGL Energy Last Sale Price $13.80,
AGKKRB,12.54,28/02/12,1:1,,,1.18,,,,
AGKKOB,9.35,31/12/29,1:1,4.46,4.47,,,,,
AGKKRA,11.22,31/12/29,1:1,2.58,2.58,3.10,,,,
AGKKMA,11.36,31/12/29,1:1,2.43,2.46,,,,,
AGKKRC,11.74,31/12/29,1:1,2.06,2.06,2.57,,,,
AGKKOC,12.24,31/12/29,1:1,1.57,1.58,1.555,+5.5,40,,
,
Atlas Iron Last Sale Price $3.15,
AGOKMB,1.73,31/12/29,1:1,1.405,1.43,1.405,,,,
AGOKOC,1.97,31/12/29,1:1,1.19,1.20,.995,,,,
AGOKRB,1.98,31/12/29,1:1,1.18,1.175,1.255,,,,
AGOKRC,2.13,31/12/29,1:1,1.03,1.025,1.12,,,,
AGOKMA,2.18,31/12/29,1:1,.96,.985,1.07,,,,
AGOKOD,2.33,31/12/29,1:1,.83,.84,.775,-8.5,24,,
AGOKRD,2.43,31/12/29,1:1,.73,.90,.785,+6,200,,
AGOKRA,2.62,31/12/29,1:1,.54,.535,.53,-11.5,400,,
,
Asciano Last Sale Price $4.89,
AIOKOB,2.80,31/12/29,1:1,2.08,2.09,.555,,,,
AIOKMA,2.95,31/12/29,1:1,1.925,1.95,,,,,
AIOKRC,3.14,31/12/29,1:1,1.74,1.755,1.645,,,,
AIOKRB,3.61,31/12/29,1:1,1.27,1.285,,,,,
AIOKOA,3.79,31/12/29,1:1,1.09,1.10,1.435,,,,
AIOKRD,3.87,31/12/29,1:1,1.01,1.025,.785,,,,
AIOKRA,4.03,31/12/29,1:1,.85,.865,,,,,
,
Aristocrat Leisure Last Sale Price $2.90,
ALLKOC,1.45,31/12/29,1:1,1.44,1.45,,,,,
ALLKMA,1.65,31/12/29,1:1,1.235,1.26,.415,,,,
ALLKOB,1.88,31/12/29,1:1,1.015,1.025,1.005,,400,,
,
Amcor Last Sale Price $6.91,
AMCKOB,4.42,31/12/29,1:1,2.49,2.50,,,,,
AMCKMA,4.89,31/12/29,1:1,2.00,2.03,1.92,,,,
AMCKOA,5.34,31/12/29,1:1,1.565,1.575,3.55,,,,
AMCKRD,5.34,31/12/29,1:1,1.56,1.575,,,,,
AMCKRE,5.47,31/12/29,1:1,1.43,1.445,,,,,
AMCKRF,5.61,31/12/29,1:1,1.29,1.305,1.31,,,,
AMCKRB,5.74,31/12/29,1:1,1.155,1.17,,,,,
AMCKRA,5.83,31/12/29,1:1,1.065,1.08,,,,,
AMCKRG,5.89,31/12/29,1:1,1.005,1.02,.71,,,,
AMCKRC,5.99,31/12/29,1:1,.91,.925,,,,,
,
AMP Last Sale Price $3.98,
AMPKMC,1.59,31/12/29,1:1,2.38,2.41,,,,,
AMPKMB,2.18,31/12/29,1:1,1.785,1.815,2.19,,,,
AMPKOD,2.60,31/12/29,1:1,1.37,1.38,1.635,,,,
AMPKOA,2.98,31/12/29,1:1,.99,1.00,1.11,,,,
AMPKRA,3.12,31/12/29,1:1,.86,.865,.865,-20.5,200,,
AMPLOC,3.15,31/12/29,1:1,.945,.955,,,,,
AMPKRB,3.22,31/12/29,1:1,.76,.765,.87,,,,
AMPKOE,3.33,31/12/29,1:1,.645,.655,.81,,,,
AMPKRD,3.47,31/12/29,1:1,.505,.51,.725,,,,
AMPKRC,3.54,31/12/29,1:1,.44,.445,.54,,,,
AMPLOA,3.65,31/12/29,1:1,.425,.435,.205,,,,
AMPLOB,3.87,31/12/29,1:1,.205,.215,1.335,,,,
,
ANZ Banking Grp Last Sale Price $21.88,
ANZXOA,18.00,29/03/12,2:1,2.19,2.20,1.72,,,,
ANZXOC,19.00,29/03/12,2:1,1.685,1.695,,,,,
ANZXOB,20.00,29/03/12,2:1,1.185,1.195,1.835,,,,
ANZXOE,20.50,29/03/12,2:1,.935,.945,.74,,,,
ANZKMC,10.18,31/12/29,1:1,11.68,11.71,2.72,,,,
ANZKMB,12.34,31/12/29,1:1,9.52,9.55,,,,,
ANZKRD,13.08,31/12/29,1:1,8.84,8.81,8.11,,,,
ANZKOE,13.96,31/12/29,1:1,7.95,7.96,6.49,,,,
ANZKZL,14.20,31/12/29,1:1,7.72,,7.40,,,,
ANZKMA,14.21,31/12/29,1:1,7.65,7.68,.91,,,,
ANZKOH,14.81,31/12/29,1:1,7.11,7.12,5.84,,,,
ANZKRA,15.22,31/12/29,1:1,6.69,6.66,6.41,,,,
ANZLOB,15.84,31/12/29,1:1,6.47,6.48,4.20,,,,
ANZKRB,16.02,31/12/29,1:1,5.90,5.87,4.87,,,,
ANZKRE,16.51,31/12/29,1:1,5.41,5.38,4.80,,,,
ANZKOG,16.56,31/12/29,1:1,5.35,5.36,4.87,,,,
ANZKMD,16.96,31/12/29,1:1,4.90,4.93,4.62,,,,
ANZKRF,17.27,31/12/29,1:1,4.64,4.61,4.23,,,,
ANZKOF,17.42,31/12/29,1:1,4.50,4.51,4.23,,,,
ANZKRC,17.73,31/12/29,1:1,4.18,4.15,3.97,,,,
ANZLOA,17.92,31/12/29,1:1,4.39,4.40,4.22,,,,
ANZKRL,18.01,31/12/29,1:1,3.91,3.88,,,,,
ANZKMF,18.29,31/12/29,1:1,3.57,3.60,3.28,,,,
ANZKRI,18.38,31/12/29,1:1,3.54,3.51,3.06,,,,
ANZQRC,18.60,31/12/29,1:1,3.32,3.29,,,,,
ANZKRJ,18.89,31/12/29,1:1,3.03,3.00,3.18,,,,
ANZLOC,18.90,31/12/29,1:1,3.42,3.43,3.51,,,,
ANZQRB,19.14,31/12/29,1:1,2.78,2.75,,,,,
ANZKOA,19.14,31/12/29,1:1,2.77,2.78,1.94,,,,
ANZKRK,19.40,31/12/29,1:1,2.52,2.49,2.54,-16,40,,
ANZLOD,19.47,31/12/29,1:1,2.90,2.91,3.03,,,,
,
APA Grp Last Sale Price $4.82,
APAKOA,3.02,31/12/29,1:1,1.785,1.795,,,,,
APAKRC,3.74,31/12/29,1:1,1.07,1.085,,,,,
APAKRA,3.95,31/12/29,1:1,.855,.87,.905,,,,
APAKRB,4.12,31/12/29,1:1,.685,.70,,,,,
,
Aquila Res Last Sale Price $5.17,
AQAKMD,2.03,31/12/29,1:1,3.12,3.15,,,,,
AQAKMC,3.56,31/12/29,1:1,1.59,1.62,2.20,,,,
,
ASX Last Sale Price $31.25,
ASXKOA,19.37,31/12/29,1:1,11.88,11.89,,,,,
ASXKZI,21.11,31/12/29,1:1,10.14,,9.73,,,,
ASXKRB,22.08,31/12/29,1:1,9.17,9.18,8.78,,,,
ASXKMA,23.83,31/12/29,1:1,7.41,7.44,6.31,,,,
ASXKRD,24.24,31/12/29,1:1,7.01,7.02,,,,,
ASXKRC,25.11,31/12/29,1:1,6.14,6.15,,,,,
ASXKOC,25.27,31/12/29,1:1,5.98,5.99,5.89,,,,
ASXKRA,25.80,31/12/29,1:1,5.44,5.45,4.20,,,,
,
Alumina Last Sale Price $1.31,
AWCKMD,0.48,31/12/29,1:1,.82,.845,.83,+1,200,,
AWCKMC,0.69,31/12/29,1:1,.615,.64,.61,,,,
AWCKOH,0.69,31/12/29,1:1,.62,.63,.545,,,,
AWCQRD,0.73,31/12/29,1:1,.585,.59,,,,,
AWCKOF,0.80,31/12/29,1:1,.505,.515,.46,,,,
AWCQRB,0.81,31/12/29,1:1,.50,.505,,,,,
AWCKOG,0.91,31/12/29,1:1,.40,.41,.335,,500,,
AWCQRA,0.91,31/12/29,1:1,.40,.405,.34,,,,
,
AWE Last Sale Price $1.78,
AWEKOA,0.73,31/12/29,1:1,1.045,1.055,.75,,,,
AWEKOB,0.88,31/12/29,1:1,.895,.905,,,,,
,
Aston Res Last Sale Price $9.60,
AZTKMA,4.61,31/12/29,1:1,4.98,5.01,,,,,
AZTKMB,5.63,31/12/29,1:1,3.95,3.98,4.37,,,,
AZTKRB,6.60,31/12/29,1:1,2.99,3.01,2.76,,,,
AZTKRA,7.14,31/12/29,1:1,2.44,2.99,2.64,,,,
,
Billabong Int'l Last Sale Price $2.98,
BBGKOD,1.02,31/12/29,1:1,1.965,1.975,1.67,,,,
BBGKMB,1.02,31/12/29,1:1,1.95,,,,,,
BBGKRA,1.03,31/12/29,1:1,1.95,1.955,.95,,,,
BBGKRB,1.27,31/12/29,1:1,1.705,1.71,1.26,,,,
BBGKOE,1.42,31/12/29,1:1,1.56,1.57,1.495,,,,
BBGKRC,1.42,31/12/29,1:1,1.555,1.56,1.465,+6.5,28,,
,
Bendigo & Adelaide Bk Last Sale Price $7.64,
BENKMA,5.29,31/12/29,1:1,2.33,2.36,,,,,
BENKOA,5.77,31/12/29,1:1,1.895,1.905,2.22,,,,
BENKRC,6.56,31/12/29,1:1,1.085,1.10,,,,,
BENKOB,6.65,31/12/29,1:1,1.015,1.025,1.04,,,,
BENKRB,6.82,31/12/29,1:1,.835,.83,1.055,,,,
,
BHP Billiton Last Sale Price $35.75,
BHPXOE,31.99,29/03/12,2:1,2.17,2.18,2.13,,,,
BHPXOG,32.99,29/03/12,2:1,1.625,1.635,1.625,,,,
BHPXOH,33.99,29/03/12,2:1,1.135,1.145,1.15,+2,787,,
BHPKZC,16.31,31/12/29,1:1,19.40,,21.01,,,,
BHPKMO,19.23,31/12/29,1:1,16.51,16.54,16.12,,,,
BHPKZB,20.50,31/12/29,1:1,15.21,,16.78,,,,
BHPKML,22.94,31/12/29,1:1,12.79,12.82,12.92,,,,
BHPQRG,23.79,31/12/29,1:1,11.92,11.96,12.04,,,,
BHPQRF,24.74,31/12/29,1:1,10.97,11.01,,,,,
BHPKOB,24.91,31/12/29,1:1,10.81,,,,,,
BHPKOH,26.32,31/12/29,1:1,9.40,9.41,9.58,,,,
BHPKMH,26.40,31/12/29,1:1,9.33,9.36,10.36,,,,
BHPKRI,27.55,31/12/29,1:1,8.17,8.21,8.76,,,,
BHPKOJ,27.55,31/12/29,1:1,8.16,8.17,8.27,,,,
BHPQRC,27.78,31/12/29,1:1,7.93,7.97,,,,,
BHPKZD,28.42,31/12/29,1:1,7.30,,9.41,,,,
BHPKRE,28.77,31/12/29,1:1,6.94,6.98,6.85,-31,5,,
BHPKOM,29.02,31/12/29,1:1,6.69,6.70,6.72,,,,
BHPLOD,29.62,31/12/29,1:1,6.79,6.80,7.07,,,,
BHPKRH,29.63,31/12/29,1:1,6.09,6.13,5.84,,,,
BHPKMG,29.73,31/12/29,1:1,6.01,6.04,5.87,,,,
BHPKOA,30.38,31/12/29,1:1,5.34,5.35,5.62,,,,
BHPKRB,30.53,31/12/29,1:1,4.75,5.23,5.34,,,,
BHPKMM,30.75,31/12/29,1:1,4.99,5.02,4.95,-1,2,,
BHPKRN,30.82,31/12/29,1:1,4.90,4.94,5.19,,,,
BHPQRD,31.15,31/12/29,1:1,4.56,,,,,,
BHPKON,31.20,31/12/29,1:1,4.52,4.53,4.51,-1,50,,
BHPKRC,31.31,31/12/29,1:1,4.40,4.44,4.37,+1,300,,
BHPQRH,31.66,31/12/29,1:1,4.06,4.10,4.24,,,,
BHPLOC,31.70,31/12/29,1:1,4.71,4.72,4.72,,,,
BHPQRB,31.92,31/12/29,1:1,3.79,3.83,5.70,,,,
BHPQRA,32.38,31/12/29,1:1,3.33,3.37,3.35,+6,3,,
BHPKMA,32.48,31/12/29,1:1,3.25,3.28,3.28,,,,
BHPQRE,32.52,31/12/29,1:1,3.19,3.23,3.06,,,,
BHPKOG,32.64,31/12/29,1:1,3.08,,3.36,,,,
BHPLOB,33.78,31/12/29,1:1,2.63,2.64,2.64,-23,10,,
BHPLOE,34.38,31/12/29,1:1,2.13,2.14,2.12,-28,105,,
,
Bradken Last Sale Price $8.29,
BKNKZA,4.60,31/12/29,1:1,3.67,,3.20,,,,
BKNKOA,4.99,31/12/29,1:1,3.28,3.29,2.55,,,,
BKNKRA,5.15,31/12/29,1:1,3.13,3.15,3.03,,,,
BKNKRC,5.44,31/12/29,1:1,2.84,2.86,2.06,,,,
BKNKRB,5.66,31/12/29,1:1,2.61,2.63,1.605,,,,
,
Boral Last Sale Price $4.28,
BLDKOB,2.14,31/12/29,1:1,2.16,2.17,2.05,-19,4,,
BLDKMB,2.72,31/12/29,1:1,1.545,1.57,,,,,
BLDKOA,2.93,31/12/29,1:1,1.365,1.375,.75,,,,
BLDKRB,3.07,31/12/29,1:1,1.23,1.215,1.06,,,,
BLDKRA,3.32,31/12/29,1:1,.975,.96,.63,,,,
BLDKRC,3.52,31/12/29,1:1,.775,.76,1.115,,,,
,
Boart Longyear Last Sale Price $4.33,
BLYKMD,1.42,31/12/29,1:1,2.90,2.93,,,,,
BLYKOD,1.81,31/12/29,1:1,2.51,2.52,,,,,
BLYKRE,1.82,31/12/29,1:1,2.49,2.51,2.35,,,,
BLYKMC,1.87,31/12/29,1:1,2.44,2.47,1.615,,,,
BLYKOC,2.16,31/12/29,1:1,2.16,2.17,1.93,,,,
BLYKRC,2.29,31/12/29,1:1,2.02,2.04,1.65,,,,
BLYKMB,2.37,31/12/29,1:1,1.95,1.975,1.63,,,,
BLYKRA,2.52,31/12/29,1:1,1.80,1.815,1.335,,,,
BLYKRB,2.72,31/12/29,1:1,1.60,1.615,1.065,,,,
BLYKRD,2.82,31/12/29,1:1,1.50,1.515,1.455,+23.5,60,,
,
Bank of Qld Last Sale Price $7.35,
BOQKMA,4.93,31/12/29,1:1,2.41,3.00,2.46,,,,
BOQKOA,5.47,31/12/29,1:1,1.87,1.88,1.885,,,,
BOQKRC,5.82,31/12/29,1:1,1.52,1.535,3.53,,,,
BOQKOB,5.92,31/12/29,1:1,1.425,1.435,1.81,,,,
BOQKRA,6.12,31/12/29,1:1,1.22,1.235,,,,,
,
Beach Energy Last Sale Price $1.63,
BPTKOA,0.73,31/12/29,1:1,.88,.89,.92,-3,100,,
,
BlueScope Steel Last Sale Price $0.41,
BSLKMB,0.10,31/12/29,1:1,.30,.325,.37,,,,
BSLKRD,0.20,31/12/29,1:1,.21,.22,.088,,,,
BSLKOD,0.20,31/12/29,1:1,.205,.215,.14,,,,
BSLKMC,0.22,31/12/29,1:1,.18,.205,.42,,,,
BSLKOF,0.26,31/12/29,1:1,.15,.16,,,,,
BSLKRG,0.27,31/12/29,1:1,.145,.155,.13,,,,
BSLKRF,0.29,31/12/29,1:1,.125,.13,.105,,,,
BSLKOE,0.31,31/12/29,1:1,.10,.11,.115,+2.6,500,,
BSLKRE,0.31,31/12/29,1:1,.105,.11,.11,+4.6,82,,
BSLKRB,0.32,31/12/29,1:1,.099,.105,.094,,,,
,
Bathurst Res Last Sale Price $0.77,
BTUKOD,0.31,31/12/29,1:1,.45,.46,.43,,,,
BTUKOC,0.42,31/12/29,1:1,.345,.355,.32,,,,
BTUKOE,0.50,31/12/29,1:1,.26,.27,.235,,,,
,
Brambles Last Sale Price $7.09,
BXBKZG,4.61,31/12/29,1:1,2.49,,2.65,,,,
BXBKOC,4.80,31/12/29,1:1,2.30,2.31,,,,,
BXBKMA,5.19,31/12/29,1:1,1.88,1.91,1.83,,,,
BXBKOB,5.86,31/12/29,1:1,1.235,1.245,1.05,,,,
BXBKRB,5.87,31/12/29,1:1,1.225,1.22,,,,,
BXBKRC,6.01,31/12/29,1:1,1.085,1.08,,,,,
BXBKRA,6.13,31/12/29,1:1,.97,.945,,,,,
BXBKRD,6.23,31/12/29,1:1,.87,.845,1.06,,,,
,
C'wlth Bank of Aust Last Sale Price $49.15,
CBAXOF,45.00,29/03/12,4:1,1.33,1.34,1.27,,,,
CBAXOG,46.50,29/03/12,4:1,.95,.96,1.20,,,,
CBAXOH,47.13,29/03/12,4:1,.74,.75,.775,,,,
CBAKZK,15.00,31/12/29,1:1,34.21,,33.91,,,,
CBAKRA,28.25,31/12/29,1:1,20.96,20.91,20.61,,,,
CBAKMF,35.27,31/12/29,1:1,13.86,13.89,4.22,,,,
CBAKZO,35.93,31/12/29,1:1,13.27,,13.25,,,,
CBAKOF,36.13,31/12/29,1:1,13.08,13.09,13.57,,,,
CBAKZL,37.53,31/12/29,1:1,11.67,,13.06,,,,
CBAKMC,37.77,31/12/29,1:1,11.36,11.39,5.50,,,,
CBALOB,38.11,31/12/29,1:1,12.09,12.10,11.15,,,,
CBAKOE,38.77,31/12/29,1:1,10.43,10.44,10.52,-48,15,,
CBAKRC,39.58,31/12/29,1:1,9.63,9.58,9.62,-30,10,,
CBAKMA,39.83,31/12/29,1:1,9.30,9.33,9.40,,,,
CBAKOH,40.05,31/12/29,1:1,9.15,9.16,9.15,,,,
CBALOA,41.23,31/12/29,1:1,8.97,8.98,,,,,
CBAKRJ,41.24,31/12/29,1:1,7.97,7.92,8.21,,,,
CBAKOC,41.58,31/12/29,1:1,7.62,7.63,7.48,,,,
CBAKRN,41.66,31/12/29,1:1,7.55,7.50,7.55,-40,3,,
CBAKRD,42.19,31/12/29,1:1,7.01,6.96,7.06,,,,
CBAKRH,42.45,31/12/29,1:1,6.76,6.71,7.10,,,,
CBAKRE,42.70,31/12/29,1:1,6.50,6.45,6.34,,,,
CBAKMG,42.85,31/12/29,1:1,6.28,6.31,6.30,,,,
CBAKRL,42.99,31/12/29,1:1,6.22,6.17,5.55,,,,
CBAQRA,43.14,31/12/29,1:1,6.07,6.02,,,,,
CBAKRG,43.27,31/12/29,1:1,5.94,5.89,6.85,,,,
CBAQRB,43.64,31/12/29,1:1,5.56,5.51,,,,,
CBAKRI,43.67,31/12/29,1:1,5.53,5.48,6.00,,,,
CBAKMH,43.95,31/12/29,1:1,5.19,5.22,5.25,+208,20,,
CBAKRF,44.18,31/12/29,1:1,5.03,4.98,5.44,,,,
CBALOC,44.19,31/12/29,1:1,6.01,6.02,5.42,,,,
CBAKOG,44.57,31/12/29,1:1,4.63,4.64,4.12,,,,
CBAKRB,44.95,31/12/29,1:1,4.26,4.21,3.50,,,,
CBALOD,45.66,31/12/29,1:1,4.55,4.56,5.10,,,,
CBAKRK,45.95,31/12/29,1:1,3.25,3.20,3.31,-53,10,,
,
Coca-Cola Amatil Last Sale Price $11.79,
CCLKZA,7.12,31/12/29,1:1,4.66,,4.61,,,,
CCLKMA,7.83,31/12/29,1:1,3.94,3.97,,,,,
CCLKOB,7.97,31/12/29,1:1,3.81,3.82,3.37,,,,
CCLKOA,9.04,31/12/29,1:1,2.74,2.75,,,,,
CCLKRE,9.11,31/12/29,1:1,2.67,2.69,,,,,
CCLKRC,9.46,31/12/29,1:1,2.31,2.33,2.49,,,,
CCLKRD,9.70,31/12/29,1:1,2.07,2.09,2.13,,,,
CCLKRF,10.09,31/12/29,1:1,1.69,1.705,1.78,,,,
,
CuDECO Last Sale Price $3.28,
CDUKMB,1.54,31/12/29,1:1,1.725,1.755,1.85,,,,
CDUKMA,2.43,31/12/29,1:1,.835,,.945,,,,
,
Challenger Last Sale Price $4.08,
CGFKOB,2.93,31/12/29,1:1,1.155,1.165,1.135,,,,
CGFKOA,3.54,31/12/29,1:1,.545,.555,.55,,,,
,
Carabella Res Last Sale Price $1.29,
CLRQRE,0.40,31/12/29,1:1,.865,,.94,,,,
CLRQRD,0.45,31/12/29,1:1,.815,,.89,,,,
CLRQRA,0.51,31/12/29,1:1,.76,,.805,,400,,
CLRQRC,0.56,31/12/29,1:1,.71,,.70,,,,
CLRQRB,0.61,31/12/29,1:1,.66,,.645,,,,
,
Cochlear Last Sale Price $60.23,
COHKOE,38.24,31/12/29,1:1,21.92,21.93,15.76,,,,
COHKRH,40.45,31/12/29,1:1,19.69,19.78,21.28,,,,
COHKOD,40.51,31/12/29,1:1,19.65,19.66,19.98,-76,50,,
COHKRG,41.86,31/12/29,1:1,18.29,18.38,18.50,,,,
COHKMA,43.47,31/12/29,1:1,16.75,17.21,16.31,,,,
COHKOF,46.28,31/12/29,1:1,13.89,13.90,25.26,,,,
COHKRI,46.79,31/12/29,1:1,13.36,13.45,14.42,,,,
COHKRK,47.81,31/12/29,1:1,12.34,12.43,12.51,,,,
COHKRL,48.83,31/12/29,1:1,11.32,11.41,9.20,,,,
COHKRJ,50.41,31/12/29,1:1,9.73,9.82,11.27,,,,
COHKRM,51.43,31/12/29,1:1,8.72,8.81,9.00,,,,
,
Campbell Brothers Last Sale Price $59.21,
CPBKMA,26.13,31/12/29,1:1,33.06,33.09,,,,,
CPBKOA,30.66,31/12/29,1:1,28.50,28.51,21.48,,,,
CPBKOB,35.22,31/12/29,1:1,23.94,23.95,,,,,
CPBKMB,39.19,31/12/29,1:1,20.00,20.03,,,,,
,
Coalspur Mines Last Sale Price $1.58,
CPLKOA,0.95,31/12/29,1:1,.635,.645,.64,-11,90,,
CPLKOB,1.04,31/12/29,1:1,.54,.55,.57,+4,500,,
,
Computershare Last Sale Price $7.70,
CPUKOD,4.98,31/12/29,1:1,2.72,2.73,,,,,
CPUKMA,5.49,31/12/29,1:1,2.19,2.22,,,,,
CPUKRA,6.03,31/12/29,1:1,1.67,1.675,1.765,,,,
CPUKOC,6.11,31/12/29,1:1,1.58,1.59,1.91,,,,
CPUKRD,6.42,31/12/29,1:1,1.28,1.285,1.305,,,,
CPUKRB,6.54,31/12/29,1:1,1.155,1.16,1.26,,,,
CPUKRC,6.75,31/12/29,1:1,.945,.95,2.60,,,,
,
CSL Last Sale Price $33.19,
CSLKOE,22.16,31/12/29,1:1,11.05,11.06,10.04,,,,
CSLKOC,23.76,31/12/29,1:1,9.45,9.46,6.82,,,,
CSLKZH,24.18,31/12/29,1:1,9.03,,8.22,,,,
CSLKMA,24.51,31/12/29,1:1,8.67,8.70,7.71,,,,
CSLKRC,25.13,31/12/29,1:1,8.07,8.06,7.80,+120,40,,
CSLKRF,25.98,31/12/29,1:1,7.23,7.22,6.88,,,,
CSLKRD,26.43,31/12/29,1:1,6.78,6.77,6.78,+93,40,,
CSLKOD,26.58,31/12/29,1:1,6.64,6.65,6.18,,40,,
CSLKRB,27.05,31/12/29,1:1,6.15,6.14,5.30,,,,
,
CSR Last Sale Price $1.94,
CSRKMA,1.22,31/12/29,1:1,.705,.73,,,,,
CSRKRA,1.31,31/12/29,1:1,.625,.63,,,,,
CSRKRC,1.42,31/12/29,1:1,.51,.515,,,,,
CSRKZA,1.43,31/12/29,1:1,.505,,1.015,,,,
CSRKRB,1.50,31/12/29,1:1,.43,.435,,,,,
CSRKRG,1.57,31/12/29,1:1,.36,.365,.38,,,,
CSRKOA,1.62,31/12/29,1:1,.305,.315,.355,,,,
,
Caltex Aust Last Sale Price $13.29,
CTXKZF,5.95,31/12/29,1:1,7.29,,4.10,,,,
CTXKOB,6.67,31/12/29,1:1,6.58,6.59,3.57,,,,
CTXKMA,8.12,31/12/29,1:1,5.15,5.18,3.07,,,,
CTXKOA,9.12,31/12/29,1:1,4.14,4.15,3.35,,,,
CTXKRB,10.17,31/12/29,1:1,3.07,3.12,2.30,,,,
CTXKRA,10.43,31/12/29,1:1,2.82,2.87,,,,,
CTXKRC,10.79,31/12/29,1:1,2.46,2.51,,,,,
CTXKRD,10.96,31/12/29,1:1,2.28,2.33,,,,,
,
Crown Last Sale Price $8.30,
CWNKMA,5.08,31/12/29,1:1,3.21,3.24,3.45,,,,
CWNKOB,5.69,31/12/29,1:1,2.61,2.62,,,,,
CWNKRA,6.08,31/12/29,1:1,2.21,2.23,2.14,,,,
CWNKRC,6.34,31/12/29,1:1,1.945,1.96,,,,,
CWNKOA,6.72,31/12/29,1:1,1.575,1.585,1.62,+7.5,20,,
CWNKRB,6.73,31/12/29,1:1,1.555,1.57,1.595,-17,100,,
,
David Jones Last Sale Price $2.75,
DJSKOB,1.53,31/12/29,1:1,1.215,1.225,,,,,
DJSKMB,1.53,31/12/29,1:1,1.20,1.225,,,,,
DJSQRA,1.82,31/12/29,1:1,.93,.935,,,,,
DJSKOA,1.87,31/12/29,1:1,.875,.885,.83,,,,
DJSKRB,1.92,31/12/29,1:1,.825,.83,1.535,,,,
DJSKMA,1.95,31/12/29,1:1,.79,.815,.80,+10.5,100,,
DJSKRC,2.04,31/12/29,1:1,.71,.715,.605,,,,
DJSQRB,2.11,31/12/29,1:1,.64,.645,,,,,
,
Downer EDI Last Sale Price $3.85,
DOWKOA,2.18,31/12/29,1:1,1.685,1.695,1.76,,,,
DOWKRC,2.75,31/12/29,1:1,1.105,1.10,1.19,,,,
DOWKRA,2.92,31/12/29,1:1,.94,.935,,,,,
DOWKOB,3.02,31/12/29,1:1,.845,.855,,,,,
DOWKRB,3.12,31/12/29,1:1,.735,.73,,,,,
,
Echo Entertainment Last Sale Price $4.34,
EGPKMA,2.03,31/12/29,1:1,2.29,2.32,,,,,
EGPKOB,2.63,31/12/29,1:1,1.705,1.715,1.04,,,,
EGPKRB,2.88,31/12/29,1:1,1.455,1.46,,,,,
EGPKRA,3.01,31/12/29,1:1,1.33,1.335,,,,,
,
Energy Res Last Sale Price $1.25,
ERAKOC,0.70,31/12/29,1:1,.535,.545,,,,,
ERAKMC,0.72,31/12/29,1:1,.515,.54,.56,,,,
ERAKOA,0.91,31/12/29,1:1,.33,.34,.42,,,,
ERAKMB,0.92,31/12/29,1:1,.315,.34,.33,,,,
ERAKRD,0.92,31/12/29,1:1,.325,.33,.41,,,,
ERAQRB,1.01,31/12/29,1:1,.235,.24,.30,,,,
ERAQRA,1.01,31/12/29,1:1,.235,.24,.215,,,,
,
Evolution Min Last Sale Price $1.97,
EVNKMA,0.82,31/12/29,1:1,1.13,1.155,,,,,
EVNKMB,1.02,31/12/29,1:1,.935,.96,,,,,
,
Currency Warrant EUR/JPY,
FEJKRA,100.03,31/12/29,100:1,9.11,9.23,,,,,
FEJKRB,102.03,31/12/29,100:1,6.80,6.92,,,,,
,
Currency Warrant EUR/USD,
FEUKRB,1.20,31/12/29,100:1,13.24,13.32,,,,,
FEUKRA,1.25,31/12/29,100:1,8.60,8.68,,,,,
,
Fortescue Metals Grp Last Sale Price $5.42,
FMGXOE,4.40,29/03/12,2:1,.67,.68,.47,,,,
FMGXOI,4.60,29/03/12,2:1,.57,.58,.51,,,,
FMGKMD,1.02,31/12/29,1:1,4.38,4.41,.515,,,,
FMGKMC,1.56,31/12/29,1:1,3.84,3.87,,,,,
FMGKMB,2.60,31/12/29,1:1,2.80,2.83,2.64,,,,
FMGKZB,2.80,31/12/29,1:1,2.63,,2.87,,,,
FMGKOI,2.85,31/12/29,1:1,2.58,2.59,2.63,,,,
FMGKOG,3.12,31/12/29,1:1,2.32,2.33,2.42,,,,
FMGKRG,3.36,31/12/29,1:1,2.06,2.06,2.16,,,,
FMGKMA,3.64,31/12/29,1:1,1.77,1.795,2.03,,,,
FMGKRC,3.66,31/12/29,1:1,1.77,1.765,2.04,,,,
FMGKOK,3.73,31/12/29,1:1,1.70,1.71,1.695,-3,500,,
FMGKRM,3.77,31/12/29,1:1,1.655,1.65,1.70,,,,
FMGKRO,4.05,31/12/29,1:1,1.38,1.375,1.36,,,,
FMGKOL,4.13,31/12/29,1:1,1.305,1.315,1.385,,,,
FMGKRN,4.13,31/12/29,1:1,1.30,1.295,1.24,,,,
FMGQRA,4.24,31/12/29,1:1,1.19,1.185,1.425,,,,
FMGQRC,4.32,31/12/29,1:1,1.105,1.10,1.20,,,,
FMGKOH,4.38,31/12/29,1:1,1.055,1.065,1.05,-1.5,700,,
FMGQRB,4.44,31/12/29,1:1,.985,.98,1.005,,,,
FMGKRH,4.61,31/12/29,1:1,.82,.815,.81,+2.5,350,,
,
Currency Warrant USD/JPY,
FUJKRA,76.73,31/12/29,100:1,4.18,4.26,4.15,-104,1950,,
FUJKRB,77.70,31/12/29,100:1,2.66,,6.25,,,,
,
Fleetwood Corp Last Sale Price $12.37,
FWDKRC,9.77,31/12/29,1:1,2.59,2.60,3.83,,,,
FWDKRA,9.95,31/12/29,1:1,2.41,2.42,,,,,
FWDKRB,10.18,31/12/29,1:1,2.19,2.15,,,,,
,
Currency Warrant AUD/EUR,
FXEKRA,0.68,31/12/29,100:1,15.76,15.84,17.43,,,,
FXEKOB,0.70,31/12/29,100:1,12.65,12.71,,,,,
FXEKRB,0.73,31/12/29,100:1,8.94,9.02,12.31,,,,
FXEKOA,0.76,31/12/29,100:1,5.16,5.22,,,,,
FXEKRC,0.77,31/12/29,100:1,3.96,4.03,,,,,
,
Currency Warrant AUD/HKD,
FXHKRA,6.94,31/12/29,100:1,16.86,16.94,,,,,
FXHKRB,7.40,31/12/29,100:1,11.39,11.47,,,,,
FXHKRC,7.70,31/12/29,100:1,7.80,7.87,,,,,
,
Fairfax Media Last Sale Price $0.80,
FXJKMB,0.36,31/12/29,1:1,.425,.45,.375,,,,
FXJKOA,0.51,31/12/29,1:1,.285,.295,.445,,,,
FXJKOB,0.61,31/12/29,1:1,.18,.19,.21,,,,
,
Currency Warrant AUD/GBP,
FXPKOA,0.58,31/12/29,100:1,15.20,15.26,,,,,
FXPKRA,0.59,31/12/29,100:1,13.34,13.40,,,,,
FXPKRB,0.62,31/12/29,100:1,8.80,8.86,9.17,,,,
FXPKOB,0.62,31/12/29,100:1,8.78,8.84,,,,,
FXPKRC,0.64,31/12/29,100:1,5.86,5.92,,,,,
,
Currency Warrant AUD/SGP,
FXSKZA,1.14,31/12/29,100:1,15.24,,14.71,,,,
,
Currency Warrant AUS/USD,
FXUKRD,0.90,31/12/29,100:1,16.81,16.86,16.80,,,,
FXUKRF,0.94,31/12/29,100:1,12.90,12.95,8.62,,,,
FXUKOD,0.94,31/12/29,100:1,12.74,12.80,12.29,,,,
FXUKRH,0.95,31/12/29,100:1,11.83,11.88,11.25,,,,
FXUKRI,0.96,31/12/29,100:1,10.90,10.95,9.95,,,,
FXUKOH,0.96,31/12/29,100:1,10.90,10.96,,,,,
FXUKRL,0.97,31/12/29,100:1,10.01,10.06,,,,,
FXUKOG,0.97,31/12/29,100:1,9.97,10.03,,,,,
FXUKOE,0.98,31/12/29,100:1,9.05,9.11,9.71,,,,
FXUKRM,0.98,31/12/29,100:1,8.89,8.94,8.99,,,,
FXUKOA,0.99,31/12/29,100:1,8.12,8.18,11.15,,,,
FXUKOB,1.00,31/12/29,100:1,7.20,7.26,11.23,,,,
FXUKRK,1.01,31/12/29,100:1,6.27,6.32,5.55,,,,
FXUKRE,1.03,31/12/29,100:1,4.41,4.46,4.21,+51,15,,
,
Currency Warrant AUD/JPY,
FXYKRB,69.70,31/12/29,100:1,19.44,19.53,,,,,
FXYKOB,69.74,31/12/29,100:1,19.36,19.44,12.00,,,,
FXYKOA,71.96,31/12/29,100:1,16.80,16.88,,,,,
FXYKRA,75.45,31/12/29,100:1,12.81,12.89,,,,,
FXYKRC,78.99,31/12/29,100:1,8.71,8.80,,,,,
FXYKRD,82.49,31/12/29,100:1,4.67,4.75,8.55,,,,
,
Currency Warrant AUD/NZD,
FXZKOA,1.13,31/12/29,100:1,11.58,11.70,,,,,
FXZKRB,1.14,31/12/29,100:1,11.11,11.20,,,,,
FXZKRA,1.16,31/12/29,100:1,9.53,9.63,,,,,
FXZKOB,1.17,31/12/29,100:1,8.43,8.55,,,,,
FXZKRC,1.21,31/12/29,100:1,5.54,5.63,,,,,
,
Gindalbie Metals Last Sale Price $0.69,
GBGKOB,0.31,31/12/29,1:1,.37,.38,.385,,,,
,
Goodman Fielder Last Sale Price $0.69,
GFFKOA,0.31,31/12/29,1:1,.375,.385,.21,,,,
GFFKOB,0.40,31/12/29,1:1,.28,.29,,,,,
,
GrainCorp Last Sale Price $7.98,
GNCKMC,3.23,31/12/29,1:1,4.73,4.76,,,,,
GNCKMB,4.37,31/12/29,1:1,3.59,3.62,3.43,,,,
GNCKMA,5.88,31/12/29,1:1,2.08,2.11,2.05,-18,10,,
,
GPT Grp Last Sale Price $3.10,
GPTQRA,2.17,31/12/29,1:1,.93,.935,,,,,
GPTKMA,2.18,31/12/29,1:1,.905,.93,,,,,
GPTKOA,2.26,31/12/29,1:1,.83,.84,.85,,,,
GPTKRA,2.33,31/12/29,1:1,.77,.775,.825,,,,
GPTKRB,2.37,31/12/29,1:1,.725,.73,,,,,
GPTKOB,2.47,31/12/29,1:1,.625,.635,,,,,
,
Gryphon Minerals Last Sale Price $1.21,
GRYKOC,0.62,31/12/29,1:1,.58,.59,.63,,,,
GRYKOB,0.88,31/12/29,1:1,.32,.33,.375,,,,
,
Harvey Norman Last Sale Price $2.16,
HVNKOB,1.19,31/12/29,1:1,.96,.97,,,,,
HVNKMA,1.33,31/12/29,1:1,.815,.84,.385,,,,
HVNKOA,1.44,31/12/29,1:1,.71,.72,.565,,,,
HVNKRA,1.53,31/12/29,1:1,.63,.635,.50,,,,
HVNKRB,1.62,31/12/29,1:1,.54,.545,,,,,
HVNQRA,1.71,31/12/29,1:1,.445,.48,.43,,,,
,
Insurance Aust Grp Last Sale Price $3.28,
IAGKMB,1.77,31/12/29,1:1,1.495,1.52,,,,,
IAGKOA,2.03,31/12/29,1:1,1.23,1.24,1.245,,,,
IAGKMA,2.35,31/12/29,1:1,.915,.94,.92,,,,
IAGKRA,2.45,31/12/29,1:1,.805,.83,.665,,,,
IAGKOB,2.48,31/12/29,1:1,.785,.795,.85,,,,
IAGQRA,2.54,31/12/29,1:1,.72,.745,,,,,
,
Intrepid Mines Last Sale Price $1.34,
IAUKOB,0.51,31/12/29,1:1,.82,.83,,,,,
IAUKOA,0.82,31/12/29,1:1,.51,.52,.46,,,,
,
iShares MSCI Em Mkt Last Sale Price $40.63,
IEMKMA,22.84,31/12/29,1:1,17.78,,,,,,
,
Independence Grp Last Sale Price $4.39,
IGOKOA,2.54,31/12/29,1:1,1.84,1.85,1.74,,,,
,
Iluka Res Last Sale Price $16.47,
ILUKMB,9.22,31/12/29,1:1,7.22,7.25,5.43,,,,
ILUKZA,10.04,31/12/29,1:1,6.44,,5.51,,,,
ILUKRD,10.20,31/12/29,1:1,6.29,6.27,6.68,,,,
ILUKRG,11.85,31/12/29,1:1,4.63,4.61,4.86,,,,
ILUKMC,12.25,31/12/29,1:1,4.19,4.22,4.37,,,,
ILUKOE,12.43,31/12/29,1:1,4.06,4.07,4.06,-11,40,,
ILUKRH,12.88,31/12/29,1:1,3.60,3.58,3.69,-135,50,,
ILUKOF,13.13,31/12/29,1:1,3.36,3.37,3.40,,,,
ILUKRI,13.78,31/12/29,1:1,2.70,2.68,2.75,-18,80,,
ILUKOG,14.09,31/12/29,1:1,2.41,2.42,2.46,,,,
ILUKOH,14.29,31/12/29,1:1,2.21,2.22,2.85,,,,
ILUKRE,14.33,31/12/29,1:1,2.15,2.13,2.67,,,,
ILUKRC,14.64,31/12/29,1:1,1.85,1.76,1.46,,,,
ILUKRF,14.80,31/12/29,1:1,1.69,1.66,1.495,,,,
,
Incitec Pivot Last Sale Price $3.25,
IPLKOE,1.81,31/12/29,1:1,1.43,1.44,1.85,,,,
IPLKMB,2.13,31/12/29,1:1,1.11,1.135,,,,,
IPLKRB,2.27,31/12/29,1:1,.98,.985,.955,,,,
IPLKOA,2.28,31/12/29,1:1,.965,.975,1.035,,,,
IPLKOD,2.55,31/12/29,1:1,.695,.705,.83,,,,
IPLKRD,2.61,31/12/29,1:1,.635,.64,.65,-11.5,30,,
IPLKMA,2.62,31/12/29,1:1,.615,.64,.745,,,,
IPLKRE,2.69,31/12/29,1:1,.56,.565,.625,,,,
IPLKRC,2.75,31/12/29,1:1,.50,.505,.68,,,,
IPLKOF,2.75,31/12/29,1:1,.495,.505,.565,,,,
,
JB Hi-Fi Last Sale Price $11.64,
JBHKOD,6.12,31/12/29,1:1,5.54,5.55,,,,,
JBHKOC,7.63,31/12/29,1:1,4.03,4.04,3.66,,,,
JBHKMB,7.64,31/12/29,1:1,3.98,4.01,3.33,,,,
JBHQRA,8.02,31/12/29,1:1,3.64,3.63,2.62,,,,
JBHQRB,8.35,31/12/29,1:1,3.30,3.29,2.94,,,,
JBHKRF,8.67,31/12/29,1:1,2.99,2.98,2.63,,,,
JBHKRE,9.17,31/12/29,1:1,2.48,2.47,2.76,,,,
JBHKOB,9.74,31/12/29,1:1,1.91,1.92,1.99,+49,5,,
,
James Hardie Ind Last Sale Price $7.23,
JHXKMA,4.34,31/12/29,1:1,2.87,2.90,,,,,
JHXKOA,4.44,31/12/29,1:1,2.76,2.77,2.89,,,,
JHXKRE,5.17,31/12/29,1:1,2.03,2.07,,,,,
JHXKRB,5.36,31/12/29,1:1,1.84,1.875,1.625,,,,
JHXKRD,5.70,31/12/29,1:1,1.495,1.53,,,,,
JHXKOB,5.80,31/12/29,1:1,1.395,1.405,,,,,
JHXKRC,5.83,31/12/29,1:1,1.37,1.405,1.49,,,,
JHXKRA,6.27,31/12/29,1:1,.93,.965,,,,,
,
Karoon Gas Aust Last Sale Price $5.98,
KARKOF,2.29,31/12/29,1:1,3.71,3.72,2.91,,,,
KARKMA,2.58,31/12/29,1:1,3.39,3.42,2.83,,,,
KARKRF,3.05,31/12/29,1:1,2.94,2.93,,,,,
KARKOG,3.10,31/12/29,1:1,2.89,2.90,2.06,,,,
KARKRC,3.47,31/12/29,1:1,2.53,2.52,1.60,,,,
KARKRD,3.57,31/12/29,1:1,2.43,2.42,2.25,,,,
KARKOE,3.59,31/12/29,1:1,2.41,2.42,2.02,,,,
KARKRA,3.64,31/12/29,1:1,2.35,2.34,2.42,,,,
KARKRE,3.82,31/12/29,1:1,2.17,2.16,2.27,,,,
KARKRB,4.03,31/12/29,1:1,1.97,1.955,1.95,,,,
,
Kingsgate Cons Last Sale Price $6.76,
KCNKMB,3.08,31/12/29,1:1,3.67,3.70,,,,,
KCNKMC,4.15,31/12/29,1:1,2.59,2.62,3.03,,,,
KCNKOB,4.62,31/12/29,1:1,2.15,2.16,2.54,,,,
KCNKRE,4.74,31/12/29,1:1,2.02,2.03,2.83,,,,
KCNKRB,5.03,31/12/29,1:1,1.725,1.73,2.13,,,,
KCNKOC,5.54,31/12/29,1:1,1.235,1.245,1.65,,,,
KCNKRC,5.54,31/12/29,1:1,1.22,1.225,1.66,,,,
KCNKRD,5.76,31/12/29,1:1,1.14,1.165,,,,,
,
Leighton Hldgs Last Sale Price $25.73,
LEIKOB,13.83,31/12/29,1:1,11.90,11.91,10.58,,,,
LEIKZH,14.80,31/12/29,1:1,10.93,,10.70,,,,
LEIKRB,15.26,31/12/29,1:1,10.46,10.47,9.00,,,,
LEIKOC,16.10,31/12/29,1:1,9.63,9.64,,,,,
LEIKRD,17.40,31/12/29,1:1,8.33,8.34,5.27,,,,
LEIKOA,18.36,31/12/29,1:1,7.36,7.37,4.70,,,,
LEIKRA,19.63,31/12/29,1:1,6.09,6.10,4.77,,,,
LEIKMA,20.00,31/12/29,1:1,5.71,5.74,7.54,,,,
LEIKRC,20.38,31/12/29,1:1,5.34,5.35,5.35,-45,24,,
,
Lend Lease Grp Last Sale Price $7.33,
LLCKOB,4.79,31/12/29,1:1,2.54,2.55,2.71,,,,
LLCKMA,5.09,31/12/29,1:1,2.22,2.25,1.23,,,,
LLCKOC,5.69,31/12/29,1:1,1.645,1.655,1.575,,,,
LLCKRD,6.12,31/12/29,1:1,1.205,1.21,1.385,,,,
LLCKRB,6.24,31/12/29,1:1,1.085,1.09,1.29,,,,
LLCKRA,6.43,31/12/29,1:1,.895,.90,.83,,,,
,
Linc Energy Last Sale Price $1.45,
LNCKMB,0.51,31/12/29,1:1,.93,.955,,,,,
LNCKOC,0.74,31/12/29,1:1,.715,.725,.72,+14.5,75,,
LNCKMA,0.82,31/12/29,1:1,.615,.64,.69,,,,
LNCKRA,0.91,31/12/29,1:1,.545,.545,.655,,,,
LNCKOE,1.01,31/12/29,1:1,.445,.455,,,,,
LNCKRB,1.01,31/12/29,1:1,.445,.445,.39,,,,
,
Lynas Corp Last Sale Price $1.22,
LYCKOJ,0.40,31/12/29,1:1,.815,.825,,,,,
LYCKOE,0.52,31/12/29,1:1,.695,.705,.97,,,,
LYCKRG,0.56,31/12/29,1:1,.665,.665,.85,,,,
LYCKOF,0.62,31/12/29,1:1,.595,.605,.60,-.5,400,,
LYCKMB,0.63,31/12/29,1:1,.575,1.38,.66,,,,
LYCKRB,0.68,31/12/29,1:1,.545,.545,.555,,,,
LYCKRD,0.75,31/12/29,1:1,.45,.55,.475,,,,
LYCKOG,0.83,31/12/29,1:1,.385,,.395,+1,100,,
LYCQRA,0.92,31/12/29,1:1,.30,.30,.28,,,,
,
Mirvac Grp Last Sale Price $1.17,
MGRKOA,0.80,31/12/29,1:1,.355,.365,.40,,,,
MGRKMA,0.85,31/12/29,1:1,.30,.325,,,,,
MGRKRB,0.86,31/12/29,1:1,.30,.31,,,,,
MGRQRA,0.95,31/12/29,1:1,.215,.225,,,,,
MGRKRA,1.00,31/12/29,1:1,.145,.16,,,,,
MGRKOC,1.01,31/12/29,1:1,.15,.16,,,,,
,
Mount Gibson Iron Last Sale Price $1.28,
MGXKMC,0.72,31/12/29,1:1,.55,.575,.57,,,,
MGXKOC,0.99,31/12/29,1:1,.29,.30,.30,-1,200,,
,
Mineral Res Last Sale Price $12.99,
MINKOA,7.81,31/12/29,1:1,5.20,5.21,4.90,,,,
MINKRD,8.88,31/12/29,1:1,4.11,4.11,,,,,
MINKMA,9.06,31/12/29,1:1,3.91,3.94,3.24,,,,
MINKRF,9.09,31/12/29,1:1,3.91,3.91,,,,,
MINKRB,9.25,31/12/29,1:1,3.74,3.74,,,,,
MINKRE,9.44,31/12/29,1:1,3.55,3.55,,,,,
MINKOB,9.46,31/12/29,1:1,3.56,3.57,,,,,
MINKRA,10.07,31/12/29,1:1,2.93,2.93,,,,,
MINKRC,10.36,31/12/29,1:1,2.63,2.63,,,,,
,
Medusa Min Last Sale Price $6.19,
MMLKOB,3.36,31/12/29,1:1,2.84,2.85,2.91,,,,
,
Monadelphous Grp Last Sale Price $23.60,
MNDKOA,14.57,31/12/29,1:1,9.01,9.02,6.60,,,,
MNDKRB,15.51,31/12/29,1:1,8.03,8.09,6.74,,,,
MNDKMA,16.11,31/12/29,1:1,7.47,7.50,5.43,,,,
MNDKRF,17.36,31/12/29,1:1,6.19,6.25,,,,,
MNDKRD,17.58,31/12/29,1:1,5.97,6.03,,,,,
MNDKRA,17.71,31/12/29,1:1,5.83,5.89,,,,,
MNDKRC,18.62,31/12/29,1:1,4.92,4.98,4.64,,,,
MNDKRE,19.63,31/12/29,1:1,3.91,3.97,1.815,,,,
,
Macquarie Grp Last Sale Price $27.29,
MQGXOA,19.00,29/03/12,4:1,2.35,2.36,.515,,,,
MQGXOK,21.00,29/03/12,4:1,1.845,1.855,,,,,
MQGXOJ,21.50,29/03/12,4:1,1.725,1.735,,,,,
MQGXOI,22.50,29/03/12,4:1,1.475,1.485,.955,,,,
MQGKRI,15.44,31/12/29,1:1,11.88,11.85,9.68,,,,
MQGKOH,15.97,31/12/29,1:1,11.37,11.38,10.09,,,,
MQGKRA,16.13,31/12/29,1:1,11.20,11.17,9.83,,,,
MQGKOC,17.07,31/12/29,1:1,10.26,10.27,9.78,,,,
MQGKOF,17.75,31/12/29,1:1,9.58,9.59,7.59,,,,
MQGKRF,18.28,31/12/29,1:1,9.04,9.01,8.91,,,,
MQGKRB,19.04,31/12/29,1:1,8.28,8.25,7.80,,,,
MQGKOI,19.19,31/12/29,1:1,8.14,8.15,,,,,
MQGQRE,19.34,31/12/29,1:1,7.99,7.96,6.42,,,,
MQGQRF,19.56,31/12/29,1:1,7.77,7.74,,,,,
MQGQRA,19.91,31/12/29,1:1,7.42,7.39,5.28,,,,
MQGKOJ,20.20,31/12/29,1:1,7.13,7.14,6.74,,,,
MQGQRB,20.42,31/12/29,1:1,6.91,6.88,,,,,
MQGQRC,20.92,31/12/29,1:1,6.41,6.38,6.00,,,,
MQGLOC,21.08,31/12/29,1:1,7.06,7.07,5.07,,,,
MQGQRI,21.16,31/12/29,1:1,6.16,6.13,,,,,
MQGQRD,21.65,31/12/29,1:1,5.68,5.65,5.62,-3,200,,
MQGQRH,22.12,31/12/29,1:1,5.21,5.18,,,,,
MQGQRG,22.65,31/12/29,1:1,4.67,4.64,4.38,,,,
MQGLOB,23.04,31/12/29,1:1,5.10,5.11,,,,,
MQGLOA,25.04,31/12/29,1:1,3.09,3.10,6.97,,,,
,
Mesoblast Last Sale Price $7.66,
MSBKOD,4.09,31/12/29,1:1,3.58,3.59,2.59,,,,
MSBKMA,4.10,31/12/29,1:1,3.53,3.56,3.64,,,,
MSBKRD,4.68,31/12/29,1:1,3.00,2.99,2.34,,,,
MSBKRE,4.99,31/12/29,1:1,2.69,2.68,2.60,,,,
MSBKOB,4.99,31/12/29,1:1,2.68,2.69,2.73,,,,
MSBKMB,5.06,31/12/29,1:1,2.57,2.60,2.53,-22,20,,
MSBKRC,5.11,31/12/29,1:1,2.56,2.55,2.72,,,,
,
Metcash Last Sale Price $4.24,
MTSKOA,3.07,31/12/29,1:1,1.15,1.16,1.025,,,,
MTSKRA,3.18,31/12/29,1:1,1.05,1.065,1.01,,,,
MTSKRB,3.30,31/12/29,1:1,.925,.94,,,,,
MTSKRC,3.52,31/12/29,1:1,.71,.725,.575,,,,
,
Myer Hldgs Last Sale Price $2.32,
MYRKMB,1.13,31/12/29,1:1,1.18,1.205,,,,,
MYRKOC,1.18,31/12/29,1:1,1.12,1.13,.88,,,,
MYRKRA,1.53,31/12/29,1:1,.78,.795,.60,,,,
MYRKZA,1.56,31/12/29,1:1,.75,,.475,,,,
MYRKOB,1.62,31/12/29,1:1,.685,.695,.625,,,,
MYRKRC,1.63,31/12/29,1:1,.68,.695,.61,,,,
MYRKMA,1.66,31/12/29,1:1,.645,.67,.39,,,,
MYRKRB,1.73,31/12/29,1:1,.575,.59,.60,,,,
,
National Aust Bank Last Sale Price $23.29,
NABXOC,20.50,29/03/12,2:1,1.685,1.695,1.465,,,,
NABXOB,21.50,29/03/12,2:1,1.18,1.19,1.285,,,,
NABXOA,22.50,29/03/12,2:1,.65,.66,.715,,,,
NABKMD,12.10,31/12/29,1:1,11.18,11.21,,,,,
NABKZL,12.89,31/12/29,1:1,10.49,,11.16,,,,
NABKMG,13.62,31/12/29,1:1,9.65,9.68,,,,,
NABKOD,14.91,31/12/29,1:1,8.46,8.47,9.36,,,,
NABKME,15.82,31/12/29,1:1,7.45,7.48,7.90,,,,
NABKRD,15.83,31/12/29,1:1,7.53,7.46,7.66,,,,
NABKZN,16.68,31/12/29,1:1,6.69,,8.03,,,,
NABKOG,16.77,31/12/29,1:1,6.60,6.61,7.07,,,,
NABKRO,17.55,31/12/29,1:1,5.82,5.74,,,,,
NABLOB,17.80,31/12/29,1:1,6.02,6.03,6.66,,,,
NABKOB,17.87,31/12/29,1:1,5.49,5.50,6.21,,,,
NABKRA,18.00,31/12/29,1:1,5.38,5.30,5.08,,,,
NABKRM,18.32,31/12/29,1:1,5.05,4.98,,,,,
NABKRF,18.55,31/12/29,1:1,4.82,4.75,4.43,,,,
NABKMC,18.60,31/12/29,1:1,4.68,4.71,4.95,,,,
NABKOF,18.87,31/12/29,1:1,4.50,4.51,4.42,,,,
NABKRB,19.05,31/12/29,1:1,4.32,4.25,4.20,,,,
NABLOA,19.88,31/12/29,1:1,3.94,3.95,5.43,,,,
NABKRG,20.05,31/12/29,1:1,3.33,3.25,3.36,,,,
NABKRI,20.21,31/12/29,1:1,3.16,3.08,,,,,
NABKRJ,20.49,31/12/29,1:1,2.88,2.81,3.03,,,,
NABKRC,20.72,31/12/29,1:1,2.65,2.57,2.64,,,,
NABKOE,20.86,31/12/29,1:1,2.51,2.52,2.61,,,,
NABKMH,20.96,31/12/29,1:1,2.32,2.35,2.45,,,,
NABKRH,21.08,31/12/29,1:1,2.28,2.17,2.50,,,,
NABKRK,21.44,31/12/29,1:1,1.93,1.815,2.11,,,,
NABKOH,21.47,31/12/29,1:1,1.895,1.905,2.10,,,,
NABLOC,21.88,31/12/29,1:1,1.935,1.945,2.12,,,,
,
Newcrest Min Last Sale Price $33.31,
NCMKRK,30.51,29/02/12,1:1,2.92,,2.92,-30,200,,
NCMXOB,30.00,29/03/12,4:1,1.105,1.115,,,,,
NCMXOJ,30.50,29/03/12,4:1,.98,.99,1.12,,,,
NCMXOK,31.50,29/03/12,4:1,.725,.735,.71,-3,120,,
NCMKZF,19.28,31/12/29,1:1,14.04,,13.60,,,,
NCMKRA,20.39,31/12/29,1:1,12.93,12.92,12.85,,,,
NCMKMF,23.66,31/12/29,1:1,9.64,9.67,6.65,,,,
NCMKOB,25.22,31/12/29,1:1,8.13,8.14,8.08,-23,20,,
NCMKRH,25.77,31/12/29,1:1,7.55,7.54,7.44,-278,40,,
NCMKMC,26.10,31/12/29,1:1,7.21,7.24,7.38,,,,
NCMKRM,26.51,31/12/29,1:1,6.81,6.80,9.48,,,,
NCMKOF,26.59,31/12/29,1:1,6.75,6.76,6.92,,,,
NCMKRJ,26.81,31/12/29,1:1,6.51,6.50,7.73,,,,
NCMKRC,27.35,31/12/29,1:1,5.97,5.96,6.01,,,,
NCMKME,27.66,31/12/29,1:1,5.65,5.68,5.93,,,,
NCMKOH,27.78,31/12/29,1:1,5.57,5.58,5.53,-107,6,,
NCMQRA,28.15,31/12/29,1:1,5.18,5.17,,,,,
NCMLOE,28.32,31/12/29,1:1,6.03,6.04,,,,,
NCMKMG,28.83,31/12/29,1:1,4.47,4.50,4.60,,,,
NCMKRD,29.20,31/12/29,1:1,4.13,4.12,5.09,,,,
NCMLOD,30.34,31/12/29,1:1,4.01,4.02,4.15,,,,
NCMLOF,32.06,31/12/29,1:1,2.30,2.31,4.19,,,,
,
New Hope Corp Last Sale Price $5.72,
NHCKOC,4.02,31/12/29,1:1,1.69,1.70,,,,,
NHCKOA,4.32,31/12/29,1:1,1.39,1.40,1.425,,,,
,
Nufarm Last Sale Price $4.62,
NUFKOB,3.10,31/12/29,1:1,1.51,1.52,,,,,
NUFKOA,3.52,31/12/29,1:1,1.09,1.10,1.39,,,,
,
News Corp Last Sale Price $18.65,
NWSKMA,8.84,31/12/29,1:1,9.79,9.82,,,,,
NWSKZI,9.38,31/12/29,1:1,9.25,,7.30,,,,
NWSKMB,10.71,31/12/29,1:1,7.92,7.95,4.05,,,,
NWSKOA,12.12,31/12/29,1:1,6.53,6.54,5.56,,,,
NWSKMC,13.73,31/12/29,1:1,4.91,4.94,,,,,
NWSKRE,14.55,31/12/29,1:1,4.09,4.11,2.77,,,,
NWSKOB,14.85,31/12/29,1:1,3.81,3.82,3.75,,,,
NWSKRA,14.91,31/12/29,1:1,3.73,3.75,3.83,+4,100,,
NWSKRB,15.42,31/12/29,1:1,3.22,3.24,,,,,
NWSKRC,15.72,31/12/29,1:1,2.91,2.93,,,,,
NWSKRD,15.80,31/12/29,1:1,2.83,2.85,2.97,,,,
,
Origin Energy Last Sale Price $13.58,
ORGKMC,8.57,31/12/29,1:1,4.99,5.02,,,,,
ORGKOC,8.96,31/12/29,1:1,4.65,4.66,4.40,,,,
ORGQRA,10.11,31/12/29,1:1,3.49,3.47,,,,,
ORGKRE,10.41,31/12/29,1:1,3.20,3.18,3.40,,,,
ORGKMB,10.83,31/12/29,1:1,2.73,2.76,3.56,,,,
ORGQRB,10.89,31/12/29,1:1,2.72,2.70,,,,,
ORGKOB,10.91,31/12/29,1:1,2.70,2.71,2.86,,,,
ORGKRF,11.23,31/12/29,1:1,2.37,2.35,2.30,,,,
ORGKRD,11.61,31/12/29,1:1,1.995,1.97,2.01,,,,
,
Orica Last Sale Price $26.43,
ORIKOA,15.57,31/12/29,1:1,10.88,10.89,,,,,
ORIKMA,19.51,31/12/29,1:1,6.90,6.93,,,,,
ORIKOB,19.95,31/12/29,1:1,6.50,6.51,5.50,,,,
ORIKRA,20.28,31/12/29,1:1,6.16,6.15,4.15,,,,
ORIKRB,20.86,31/12/29,1:1,5.58,5.57,5.19,,,,
ORIKRD,21.77,31/12/29,1:1,4.67,4.66,4.00,,,,
,
Oil Search Last Sale Price $6.97,
OSHKMB,3.06,31/12/29,1:1,3.89,3.92,,,,,
OSHKMC,4.07,31/12/29,1:1,2.88,2.91,2.69,,,,
OSHKZE,4.32,31/12/29,1:1,2.64,,2.28,,,,
OSHKZD,4.72,31/12/29,1:1,2.23,,2.27,,,,
OSHKOB,4.77,31/12/29,1:1,2.20,2.21,1.745,,,,
OSHKRD,5.10,31/12/29,1:1,1.855,1.87,,,,,
OSHKRE,5.24,31/12/29,1:1,1.715,1.73,1.14,,,,
OSHKOD,5.31,31/12/29,1:1,1.65,1.66,,,,,
OSHKRF,5.33,31/12/29,1:1,1.63,1.645,,,,,
OSHKRG,5.43,31/12/29,1:1,1.53,1.545,1.42,,,,
OSHKRB,5.52,31/12/29,1:1,1.435,1.45,1.155,,,,
OSHKRA,5.72,31/12/29,1:1,1.24,1.255,1.02,,,,
OSHKRC,6.01,31/12/29,1:1,.95,.965,,,,,
,
OneSteel Last Sale Price $1.08,
OSTKME,0.25,31/12/29,1:1,.815,.84,,,,,
OSTQRB,0.34,31/12/29,1:1,.74,.74,.62,,,,
OSTKMD,0.41,31/12/29,1:1,.655,.68,.39,,,,
OSTKOF,0.51,31/12/29,1:1,.56,.57,.58,,,,
OSTKRF,0.56,31/12/29,1:1,.52,.52,.53,,,,
OSTKOH,0.60,31/12/29,1:1,.47,.48,.52,,,,
OSTKRG,0.61,31/12/29,1:1,.475,.475,.50,,,,
OSTQRA,0.62,31/12/29,1:1,.46,.46,.14,,,,
,
OZ Minerals Last Sale Price $10.95,
OZLKMA,6.30,31/12/29,1:1,4.63,4.66,,,,,
OZLKOC,6.94,31/12/29,1:1,4.01,4.02,,,,,
OZLKOB,7.89,31/12/29,1:1,3.05,3.06,3.18,,,,
OZLKRG,8.35,31/12/29,1:1,2.60,2.61,2.79,,,,
OZLKRD,8.76,31/12/29,1:1,2.19,2.20,2.17,+2,13,,
OZLQRA,9.06,31/12/29,1:1,1.885,1.89,1.835,,,,
OZLQRB,9.36,31/12/29,1:1,1.585,1.59,1.68,,,,
,
Panoramic Res Last Sale Price $1.28,
PANKMA,0.93,31/12/29,1:1,.335,.36,,,,,
,
Paladin Energy Last Sale Price $1.85,
PDNKMC,0.51,31/12/29,1:1,1.325,1.35,,,,,
PDNKMB,0.93,31/12/29,1:1,.905,.93,.895,,,,
PDNKRE,0.94,31/12/29,1:1,.91,.91,.915,-2.5,100,,
PDNKOF,0.94,31/12/29,1:1,.905,.915,.97,,,,
PDNKOG,1.16,31/12/29,1:1,.68,.69,.535,,,,
PDNKRI,1.20,31/12/29,1:1,.65,.65,.57,,,,
PDNKRM,1.22,31/12/29,1:1,.625,.625,.59,,,,
PDNKOH,1.31,31/12/29,1:1,.53,.54,.555,,,,
PDNKRF,1.41,31/12/29,1:1,.44,.44,.45,,,,
,
PanAust Last Sale Price $3.60,
PNAKOA,2.08,31/12/29,1:1,1.515,1.525,1.52,,,,
PNAKMA,2.08,31/12/29,1:1,1.505,1.53,1.615,,,,
PNAKRE,2.41,31/12/29,1:1,1.185,1.19,1.19,,,,
PNAKOB,2.53,31/12/29,1:1,1.065,1.075,1.185,,,,
PNAKRC,2.63,31/12/29,1:1,.965,.97,1.04,,,,
PNAKRD,2.74,31/12/29,1:1,.86,.865,,,,,
,
Perseus Min Last Sale Price $2.81,
PRUKOB,1.52,31/12/29,1:1,1.25,1.26,1.425,,,,
PRUKRC,1.94,31/12/29,1:1,.84,.875,.87,,,,
PRUKRA,2.05,31/12/29,1:1,.73,.765,.81,,,,
PRUKRB,2.32,31/12/29,1:1,.46,.495,.69,,,,
,
Primary Health Care Last Sale Price $3.16,
PRYKRB,2.33,31/12/29,1:1,.82,.835,.52,,,,
PRYKOB,2.33,31/12/29,1:1,.82,.83,.715,,,,
PRYKRA,2.43,31/12/29,1:1,.72,.735,.775,,27,,
,
Qantas Airways Last Sale Price $1.72,
QANKMB,0.78,31/12/29,1:1,.92,.945,,,,,
QANKRD,0.88,31/12/29,1:1,.835,.835,.72,,,,
QANKOD,0.99,31/12/29,1:1,.725,.735,,,,,
QANKRC,1.00,31/12/29,1:1,.72,.72,.555,,,,
QANKMA,1.04,31/12/29,1:1,.66,.685,.645,,,,
QANKOA,1.20,31/12/29,1:1,.515,.525,.445,,,,
QANKRB,1.21,31/12/29,1:1,.505,.505,.465,,,,
QANKRG,1.27,31/12/29,1:1,.445,.445,.295,,,,
QANKRE,1.32,31/12/29,1:1,.395,.395,.315,,,,
QANKRF,1.37,31/12/29,1:1,.35,.35,,,,,
,
BetaShares Gold Last Sale Price $17.77,
QAUKMA,11.01,31/12/29,1:1,6.74,6.77,6.49,,,,
QAUKOA,13.64,31/12/29,1:1,4.13,4.14,2.69,,,,
QAUKOB,15.09,31/12/29,1:1,2.67,2.68,,,,,
,
QBE Insurance Grp Last Sale Price $11.50,
QBEXOG,10.00,29/03/12,2:1,.99,1.00,,,,,
QBEXOD,10.50,29/03/12,2:1,,,,,,,
QBEXOA,11.00,29/03/12,2:1,,,,,,,
QBEKMD,6.87,31/12/29,1:1,,,,,,,
QBEKMC,7.73,31/12/29,1:1,,,4.25,,,,
QBEKOF,8.31,31/12/29,1:1,3.18,3.19,3.50,,,,
QBELOB,8.83,31/12/29,1:1,3.06,3.07,3.36,,,,
QBEKOG,9.06,31/12/29,1:1,2.44,2.45,2.46,,,,
QBEKRE,9.10,31/12/29,1:1,,,2.26,,,,
QBEQRC,9.30,31/12/29,1:1,,,,,,,
QBELOC,9.60,31/12/29,1:1,2.29,2.30,,,,,
QBEKOE,9.61,31/12/29,1:1,1.885,1.895,1.995,,,,
QBEKRC,9.61,31/12/29,1:1,,,2.35,,,,
QBEQRB,9.80,31/12/29,1:1,,,,,,,
QBEQRA,10.05,31/12/29,1:1,,,,,,,
QBEKOH,10.06,31/12/29,1:1,1.43,1.44,,,,,
QBELOA,10.39,31/12/29,1:1,1.50,1.51,2.20,,,,
,
QR National Last Sale Price $3.88,
QRNKMB,1.99,31/12/29,1:1,1.88,1.905,1.835,,,,
QRNKMA,2.36,31/12/29,1:1,1.505,1.53,1.32,,,,
QRNKOC,2.58,31/12/29,1:1,1.29,1.30,1.26,,,,
QRNKRA,2.77,31/12/29,1:1,1.095,1.11,.79,,,,
QRNKRB,2.89,31/12/29,1:1,.975,.99,.91,,,,
QRNKOA,2.99,31/12/29,1:1,.88,.89,.765,,,,
QRNKRC,3.10,31/12/29,1:1,.765,.78,,,,,
,
Ramsay Health Care Last Sale Price $18.30,
RHCKMA,15.25,31/12/29,1:1,3.03,3.06,3.57,,,,
,
Rio Tinto Last Sale Price $67.70,
RIOXOE,60.00,29/03/12,4:1,2.24,2.25,1.825,,,,
RIOXOH,62.00,29/03/12,4:1,1.73,1.74,1.78,,,,
RIOXOG,64.00,29/03/12,4:1,1.22,1.23,1.255,,,,
RIOXOF,66.00,29/03/12,4:1,.71,.72,.675,+5.5,170,,
RIOKZC,23.09,31/12/29,1:1,44.70,,46.12,,,,
RIOQRD,40.21,31/12/29,1:1,27.59,27.50,,,,,
RIOKOA,43.20,31/12/29,1:1,24.59,24.60,24.55,,,,
RIOKZE,48.37,31/12/29,1:1,19.42,,19.61,,,,
RIOKME,50.49,31/12/29,1:1,17.19,17.22,17.85,,,,
RIOKRG,51.24,31/12/29,1:1,16.56,16.47,16.64,,,,
RIOKOH,51.97,31/12/29,1:1,15.83,15.84,19.90,,,,
RIOKRA,53.48,31/12/29,1:1,14.32,14.23,14.80,,,,
RIOQRC,53.77,31/12/29,1:1,14.02,13.93,,,,,
RIOKRF,54.37,31/12/29,1:1,13.42,13.33,13.05,-8,30,,
RIOKOJ,54.44,31/12/29,1:1,13.36,13.37,13.22,,,,
RIOKRO,54.54,31/12/29,1:1,13.25,13.16,13.05,,,,
RIOKRJ,55.07,31/12/29,1:1,12.72,12.63,12.75,+10,20,,
RIOKRN,55.29,31/12/29,1:1,12.51,12.42,12.28,,,,
RIOLOE,55.63,31/12/29,1:1,13.57,13.58,,,,,
RIOKOI,57.17,31/12/29,1:1,10.63,10.64,10.47,,,,
RIOKMG,57.46,31/12/29,1:1,10.23,10.26,10.15,,,,
RIOKOK,58.86,31/12/29,1:1,8.93,8.94,9.11,,,,
RIOKRB,59.40,31/12/29,1:1,8.40,8.31,8.14,+32,200,,
RIOKML,60.12,31/12/29,1:1,7.56,7.59,9.72,,,,
RIOLOC,60.17,31/12/29,1:1,8.92,8.93,8.84,,,,
RIOKOL,60.37,31/12/29,1:1,7.42,7.43,7.76,+35,100,,
RIOKRD,60.40,31/12/29,1:1,7.39,7.30,8.76,,,,
RIOKMJ,62.20,31/12/29,1:1,5.49,5.52,5.63,+50,84,,
RIOLOD,62.71,31/12/29,1:1,6.49,6.50,11.07,,,,
RIOLOF,65.11,31/12/29,1:1,4.08,4.09,4.10,+11,4,,
,
ResMed Inc Last Sale Price $2.74,
RMDKMA,1.53,31/12/29,1:1,1.20,1.225,.96,,,,
RMDKOC,1.58,31/12/29,1:1,1.15,1.16,.835,,,,
RMDKRA,2.09,31/12/29,1:1,.635,.65,.65,,,,
RMDKOA,2.11,31/12/29,1:1,.62,.63,.67,,,,
RMDKRB,2.16,31/12/29,1:1,.565,.58,,,,,
RMDKRD,2.42,31/12/29,1:1,.31,.325,,,,,
,
Resolute Min Last Sale Price $1.96,
RSGKOA,1.05,31/12/29,1:1,.91,.92,.905,,,,
RSGKOB,1.31,31/12/29,1:1,.65,.66,,,,,
,
Sundance Res Last Sale Price $0.41,
SDLKOC,0.21,31/12/29,1:1,.195,.205,.26,,,,
SDLKOB,0.26,31/12/29,1:1,.145,.155,.145,,,,
,
Seek Last Sale Price $6.68,
SEKKMA,3.07,31/12/29,1:1,3.59,3.62,,,,,
SEKKOB,3.10,31/12/29,1:1,3.57,3.58,2.66,,,,
SEKKRA,4.03,31/12/29,1:1,2.64,2.66,2.76,,,,
SEKKOA,4.17,31/12/29,1:1,2.50,2.51,.52,,,,
SEKKRC,4.29,31/12/29,1:1,2.38,2.40,,,,,
SEKKRB,4.58,31/12/29,1:1,2.09,2.11,,,,,
,
Sandfire Res Last Sale Price $8.15,
SFRKRA,4.16,31/12/29,1:1,3.99,4.00,4.07,,,,
SFRKOB,4.16,31/12/29,1:1,4.00,4.01,2.98,,,,
SFRKOC,4.73,31/12/29,1:1,3.43,3.44,1.84,,,,
SFRKRG,5.10,31/12/29,1:1,3.05,3.06,3.01,,,,
SFRKRF,5.36,31/12/29,1:1,2.79,2.80,1.905,,,,
SFRKRD,5.84,31/12/29,1:1,2.31,2.32,,,,,
,
Sims Metal Mgt Last Sale Price $15.25,
SGMKRB,10.43,31/12/29,1:1,4.80,4.83,3.77,,,,
SGMKRD,10.88,31/12/29,1:1,4.35,4.38,4.32,,,,
SGMKOA,11.00,31/12/29,1:1,4.24,4.25,4.48,,,,
SGMKRC,11.54,31/12/29,1:1,3.68,3.71,,,,,
SGMKRA,12.04,31/12/29,1:1,3.18,3.21,,,,,
SGMKOB,12.50,31/12/29,1:1,2.74,2.75,,,,,
,
Stockland Last Sale Price $3.11,
SGPKOB,1.72,31/12/29,1:1,1.38,1.39,,,,,
SGPKMA,2.20,31/12/29,1:1,.90,1.00,.895,,,,
SGPKRC,2.43,31/12/29,1:1,.68,.685,,,,,
SGPKRA,2.51,31/12/29,1:1,.60,.605,,,,,
SGPKOC,2.57,31/12/29,1:1,.535,.545,,,,,
SGPKRB,2.71,31/12/29,1:1,.40,.405,,,,,
,
Sonic Healthcare Last Sale Price $11.74,
SHLKMA,9.04,31/12/29,1:1,2.68,2.71,2.23,,,,
SHLKRB,9.30,31/12/29,1:1,2.42,2.44,,,,,
SHLKRA,9.61,31/12/29,1:1,2.12,2.14,2.24,+51,10,,
SHLKRC,9.79,31/12/29,1:1,1.94,1.955,2.54,,,,
,
Santos Last Sale Price $14.02,
STOXOD,12.00,29/03/12,2:1,1.26,1.27,.98,,,,
STOXOE,12.50,29/03/12,2:1,1.005,1.015,,,,,
STOXOC,12.75,29/03/12,2:1,.88,.89,.605,,,,
STOKRA,8.09,31/12/29,1:1,5.93,5.93,5.45,,,,
STOKOC,8.14,31/12/29,1:1,5.90,5.91,5.39,,,,
STOKMA,8.98,31/12/29,1:1,5.02,5.05,,,,,
STOKRC,9.00,31/12/29,1:1,5.03,5.02,5.17,,,,
STOKZE,9.01,31/12/29,1:1,5.01,,4.03,,,,
STOKRE,9.52,31/12/29,1:1,4.51,4.51,4.11,,,,
STOKRK,10.09,31/12/29,1:1,3.94,3.94,3.42,,,,
STOKRH,10.39,31/12/29,1:1,3.63,3.63,,,,,
STOKOD,10.46,31/12/29,1:1,3.59,3.60,3.06,,,,
STOKRJ,10.57,31/12/29,1:1,3.46,3.46,,,,,
STOKRG,10.67,31/12/29,1:1,3.36,3.36,3.36,,,,
STOKRF,10.81,31/12/29,1:1,3.21,3.21,,,,,
STOKRL,10.94,31/12/29,1:1,3.09,3.09,,,,,
STOKOE,11.17,31/12/29,1:1,2.87,2.88,3.06,,,,
STOKRD,11.43,31/12/29,1:1,2.60,2.60,2.67,,,,
STOKRI,11.93,31/12/29,1:1,2.09,2.09,2.21,,,,
,
SPDR 200 Fund Last Sale Price $40.08,
STWKZB,24.10,31/12/29,1:1,16.02,,16.16,,,,
STWKMA,25.79,31/12/29,1:1,14.28,14.31,,,,,
STWKZD,32.86,31/12/29,1:1,7.27,,6.99,,,,
,
Super Retail Grp Last Sale Price $7.06,
SULKMA,3.48,31/12/29,1:1,3.57,3.60,2.27,,,,
,
Suncorp Grp Last Sale Price $7.96,
SUNKMB,4.85,31/12/29,1:1,3.09,3.12,,,,,
SUNKOC,4.86,31/12/29,1:1,3.10,3.11,1.86,,,,
SUNKOE,5.37,31/12/29,1:1,2.58,2.59,1.62,,,,
SUNKMA,6.11,31/12/29,1:1,1.835,1.86,,,,,
SUNKRD,6.16,31/12/29,1:1,1.795,1.80,1.83,-25,100,,
SUNKOD,6.57,31/12/29,1:1,1.38,1.39,1.51,+7,86,,
SUNKRB,6.75,31/12/29,1:1,1.205,1.21,1.715,,,,
SUNKRC,6.91,31/12/29,1:1,1.05,1.055,,,,,
SUNKRA,7.05,31/12/29,1:1,.91,.915,.875,+15,120,,
,
Seven Grp Hldgs Last Sale Price $8.66,
SVWKMA,3.59,31/12/29,1:1,5.06,5.09,,,,,
,
Seven West Media Last Sale Price $3.89,
SWMKOB,1.56,31/12/29,1:1,2.33,2.34,,,,,
SWMKMA,2.05,31/12/29,1:1,1.825,1.85,,,,,
SWMKOA,2.09,31/12/29,1:1,1.79,1.80,1.26,,,,
SWMKRC,2.54,31/12/29,1:1,1.345,1.35,1.14,,,,
SWMKRB,2.66,31/12/29,1:1,1.225,1.23,1.745,,,,
SWMKRA,2.76,31/12/29,1:1,1.13,1.135,1.69,,,,
,
Sydney Airport Last Sale Price $2.65,
SYDKOA,1.84,31/12/29,1:1,.795,.805,.74,,,,
SYDKOB,2.06,31/12/29,1:1,.57,.58,,,,,
SYDKRB,2.17,31/12/29,1:1,.47,.485,,,,,
SYDKRA,2.23,31/12/29,1:1,.41,.425,.93,,,,
SYDKRC,2.33,31/12/29,1:1,.31,.325,,,,,
,
Tabcorp Hldgs Last Sale Price $2.71,
TAHKMA,1.71,31/12/29,1:1,.98,1.005,,,,,
TAHKOA,1.80,31/12/29,1:1,.905,.915,.925,,,,
TAHKRC,2.10,31/12/29,1:1,.605,.61,,,,,
TAHKRA,2.17,31/12/29,1:1,.54,.545,.75,,,,
TAHKOB,2.17,31/12/29,1:1,.53,.54,.545,-5.5,100,,
TAHKRD,2.24,31/12/29,1:1,.465,.47,,,,,
TAHKRB,2.33,31/12/29,1:1,.38,.385,,,,,
,
Transurban Grp Last Sale Price $5.58,
TCLKOA,4.11,31/12/29,1:1,1.455,1.465,.86,,,,
TCLKMA,4.11,31/12/29,1:1,1.45,1.475,,,,,
TCLKRD,4.22,31/12/29,1:1,1.345,1.36,,,,,
TCLKRB,4.54,31/12/29,1:1,1.03,1.045,,,,,
TCLKRC,4.70,31/12/29,1:1,.865,.88,,,,,
TCLKRA,4.85,31/12/29,1:1,.72,.735,,,,,
,
Telecom Corp of NZ Last Sale Price $1.67,
TELKMA,0.87,31/12/29,1:1,.79,.815,.74,,,,
,
Ten Network Hldgs Last Sale Price $0.80,
TENKMA,0.46,31/12/29,1:1,.325,.35,.425,,,,
TENKOD,0.46,31/12/29,1:1,.325,.335,.435,,,,
TENKRC,0.50,31/12/29,1:1,.29,.30,,,,,
TENKRB,0.58,31/12/29,1:1,.215,.225,.30,,,,
TENKRA,0.68,31/12/29,1:1,.11,.12,.125,,,,
TENKOC,0.69,31/12/29,1:1,.095,.105,.105,,,,
,
Telstra Corp Last Sale Price $3.26,
TLSXOA,3.00,29/03/12,2:1,.22,.23,,,,,
TLSXOB,3.20,29/03/12,2:1,.12,.13,,,,,
TLSKZE,1.81,31/12/29,1:1,1.445,,1.165,,,,
TLSKZD,1.97,31/12/29,1:1,1.285,,1.115,,,,
TLSKZG,2.14,31/12/29,1:1,1.115,,1.005,,,,
TLSKOA,2.30,31/12/29,1:1,.96,.97,.915,,,,
TLSKMB,2.32,31/12/29,1:1,.92,.945,,,,,
TLSKRD,2.37,31/12/29,1:1,.89,.895,.745,,,,
TLSKRC,2.43,31/12/29,1:1,.825,.83,.78,,,,
TLSKRF,2.57,31/12/29,1:1,.69,.695,.46,,,,
TLSKMD,2.59,31/12/29,1:1,.66,.685,.65,,,,
TLSKRB,2.64,31/12/29,1:1,.62,.625,.65,,,,
TLSLOA,2.67,31/12/29,1:1,.665,.675,,,,,
TLSKOC,2.67,31/12/29,1:1,.59,.60,.60,,,,
TLSKME,2.77,31/12/29,1:1,.475,.50,.46,,,,
TLSKRE,2.78,31/12/29,1:1,.48,.485,.495,,,,
TLSKRG,2.88,31/12/29,1:1,.375,.38,.375,,,,
TLSKMC,2.92,31/12/29,1:1,.33,.355,.365,,,,
TLSKOB,2.92,31/12/29,1:1,.345,.355,.365,,,,
TLSLOB,2.93,31/12/29,1:1,.405,.415,.48,,,,
TLSKRA,2.95,31/12/29,1:1,.31,.315,.405,,,,
TLSKRH,2.98,31/12/29,1:1,.275,.28,.30,+6,50,,
,
US 10yr Note Fut Cbt,
TN1KRA,112.00,31/12/29,1:1,18.10,18.14,,,,,
TN1KRB,125.00,31/12/29,1:1,6.04,6.07,,,,,
,
US 5yr Note Fut Cbt,
TN5KRA,105.00,31/12/29,1:1,17.11,17.15,,,,,
TN5KRB,116.00,31/12/29,1:1,6.90,6.94,,,,,
,
Toll Hldgs Last Sale Price $5.70,
TOLKOA,3.02,31/12/29,1:1,2.66,2.67,1.81,,,,
TOLKMB,3.07,31/12/29,1:1,2.61,2.64,,,,,
TOLKOB,3.54,31/12/29,1:1,2.14,2.15,,,,,
TOLKRD,3.64,31/12/29,1:1,2.04,2.07,1.40,,,,
TOLKRA,3.73,31/12/29,1:1,1.945,1.97,1.25,,,,
TOLKRC,3.84,31/12/29,1:1,1.835,1.86,1.27,,,,
TOLKRB,4.33,31/12/29,1:1,1.35,1.375,1.275,,,,
,
Tatts Grp Last Sale Price $2.53,
TTSKRB,1.72,31/12/29,1:1,.80,.815,,,,,
TTSKOA,1.75,31/12/29,1:1,.775,.785,,,,,
TTSKMA,1.77,31/12/29,1:1,.745,.77,,,,,
TTSKRC,1.87,31/12/29,1:1,.645,.66,,,,,
TTSKRA,2.06,31/12/29,1:1,.46,.475,,,,,
,
Treasury Wine Estates Last Sale Price $3.89,
TWEKOA,2.54,31/12/29,1:1,1.345,1.355,1.205,,,,
TWEKRA,2.59,31/12/29,1:1,1.30,1.305,,,,,
TWEQRA,2.77,31/12/29,1:1,1.115,1.12,,,,,
TWEKRB,2.88,31/12/29,1:1,1.01,1.015,,,,,
TWEKOB,3.04,31/12/29,1:1,.84,.85,.61,,,,
,
UGL Last Sale Price $12.43,
UGLKMB,6.92,31/12/29,1:1,5.49,5.52,,,,,
UGLKZC,7.86,31/12/29,1:1,4.61,,5.21,,,,
UGLKRB,9.56,31/12/29,1:1,2.90,2.88,3.25,,,,
UGLKMA,10.15,31/12/29,1:1,2.27,2.30,2.05,,,,
UGLKRC,10.37,31/12/29,1:1,2.09,2.07,,,,,
UGLKRA,11.00,31/12/29,1:1,1.46,1.455,3.43,,,,
,
Westpac Banking Last Sale Price $20.68,
WBCXOG,18.50,29/03/12,2:1,1.35,1.365,1.11,,,,
WBCXOD,19.00,29/03/12,2:1,1.055,1.12,1.25,,,,
WBCXOE,19.50,29/03/12,2:1,.85,.855,.84,+24,100,,
WBCXOF,20.00,29/03/12,2:1,.57,.59,.60,,1440,,
WBCKMH,8.16,31/12/29,1:1,12.50,12.53,,,,,
WBCKMF,9.59,31/12/29,1:1,11.07,11.10,,,,,
WBCKZJ,10.34,31/12/29,1:1,10.31,,11.84,,,,
WBCKOA,12.02,31/12/29,1:1,8.62,8.63,10.90,,,,
WBCKMB,12.30,31/12/29,1:1,8.36,8.39,8.30,,,,
WBCKZK,12.51,31/12/29,1:1,8.14,,7.34,,,,
WBCKME,13.75,31/12/29,1:1,6.91,6.94,7.58,,,,
WBCLOB,14.76,31/12/29,1:1,6.28,6.29,,,,,
WBCKRG,14.91,31/12/29,1:1,5.74,5.78,5.99,,,,
WBCKOE,14.99,31/12/29,1:1,5.66,5.67,5.61,,,,
WBCKRF,15.34,31/12/29,1:1,5.31,5.35,5.39,,,,
WBCKZM,15.49,31/12/29,1:1,5.16,,5.67,,,,
WBCKMC,15.94,31/12/29,1:1,4.72,4.75,6.13,,,,
WBCLOD,16.18,31/12/29,1:1,4.91,4.92,,,,,
WBCKOB,16.94,31/12/29,1:1,3.70,3.71,3.27,,,,
WBCKRE,16.96,31/12/29,1:1,3.68,3.72,4.04,,,,
WBCKMA,17.08,31/12/29,1:1,3.58,3.61,2.85,,,,
WBCLOA,17.30,31/12/29,1:1,3.85,3.86,4.00,,,,
WBCKRD,17.48,31/12/29,1:1,3.16,3.20,3.14,,,,
WBCKRB,17.92,31/12/29,1:1,2.73,2.77,2.32,,,,
WBCKRH,18.16,31/12/29,1:1,2.48,2.52,3.66,,,,
WBCKOF,18.30,31/12/29,1:1,2.35,2.36,1.895,,,,
WBCKMG,18.35,31/12/29,1:1,2.31,2.34,2.61,,,,
WBCKRC,18.50,31/12/29,1:1,2.14,2.18,2.25,,,,
WBCKRA,18.70,31/12/29,1:1,1.945,1.98,2.18,,,,
WBCKRN,18.88,31/12/29,1:1,1.77,1.805,1.72,,,,
WBCKOG,18.91,31/12/29,1:1,1.735,1.745,1.835,,,,
WBCKRK,19.14,31/12/29,1:1,1.505,1.54,1.525,,,,
WBCLOC,19.33,31/12/29,1:1,1.81,1.82,1.945,,,,
,
Westfield Grp Last Sale Price $8.75,
WDCKOA,4.97,31/12/29,1:1,3.77,3.78,3.90,,,,
WDCKMA,5.85,31/12/29,1:1,2.88,2.91,2.84,,,,
WDCKRC,6.18,31/12/29,1:1,2.54,2.57,2.21,,,,
WDCKRA,6.49,31/12/29,1:1,2.23,2.26,1.74,,,,
WDCKOD,6.55,31/12/29,1:1,2.19,2.20,1.94,,,,
WDCKRB,6.78,31/12/29,1:1,1.95,1.975,1.85,,,,
WDCKRD,7.20,31/12/29,1:1,1.53,1.555,1.765,,,,
,
Wesfarmers Last Sale Price $28.80,
WESXOC,25.30,29/03/12,2:1,2.07,2.08,2.43,,,,
WESXOG,28.00,29/03/12,2:1,.695,.705,1.25,,,,
WESKMB,19.08,31/12/29,1:1,9.70,9.73,10.44,,,,
WESKRD,20.66,31/12/29,1:1,8.20,8.15,12.05,,,,
WESKRB,21.68,31/12/29,1:1,7.17,7.12,9.77,,,,
WESLOB,23.20,31/12/29,1:1,6.26,6.27,,,,,
WESKRI,23.22,31/12/29,1:1,5.64,5.59,5.50,,,,
WESKMA,23.70,31/12/29,1:1,5.08,5.11,5.77,,,,
WESKRH,23.70,31/12/29,1:1,5.15,5.10,3.73,,,,
WESKOB,23.80,31/12/29,1:1,5.06,5.07,5.46,,,,
WESKRE,24.23,31/12/29,1:1,4.62,4.57,4.98,,,,
WESKRF,25.10,31/12/29,1:1,3.76,3.71,3.49,,,,
WESKRA,25.41,31/12/29,1:1,3.45,3.40,3.70,-335,40,,
WESKOC,25.50,31/12/29,1:1,3.35,3.36,3.40,,305,,
WESLOA,26.32,31/12/29,1:1,3.14,3.15,3.45,+5,40,,
WESLOC,27.62,31/12/29,1:1,1.935,1.945,,,,,
,
Whitehaven Coal Last Sale Price $5.55,
WHCKMA,3.07,31/12/29,1:1,2.46,2.49,2.42,,,,
WHCKOA,3.58,31/12/29,1:1,1.97,1.98,2.02,,,,
WHCKOB,4.14,31/12/29,1:1,1.415,1.425,1.26,,,,
WHCQRA,4.25,31/12/29,1:1,1.30,1.305,,,,,
WHCKZA,4.27,31/12/29,1:1,1.275,,1.535,,,,
WHCKRB,4.52,31/12/29,1:1,1.025,1.03,.555,,,,
WHCKRC,4.62,31/12/29,1:1,.925,.93,1.425,,,,
,
WorleyParsons Last Sale Price $29.80,
WORKZD,9.33,31/12/29,1:1,20.42,,19.07,,,,
WORKOB,16.85,31/12/29,1:1,12.90,12.91,,,,,
WORKRG,19.84,31/12/29,1:1,9.91,9.96,7.21,,,,
WORKMA,20.36,31/12/29,1:1,9.43,9.46,8.42,,,,
WORKOA,21.19,31/12/29,1:1,8.56,8.57,6.27,,,,
WORKRJ,21.25,31/12/29,1:1,8.51,8.56,,,,,
WORKRF,21.87,31/12/29,1:1,7.88,7.93,,,,,
WORKRH,22.02,31/12/29,1:1,7.74,7.79,5.05,,,,
WORKRD,22.32,31/12/29,1:1,7.43,7.48,,,,,
WORKRC,22.63,31/12/29,1:1,7.12,7.17,6.49,,,,
WORKRE,23.00,31/12/29,1:1,6.75,6.80,4.69,,,,
WORKRI,23.15,31/12/29,1:1,6.60,6.65,4.72,,,,
WORKRA,23.66,31/12/29,1:1,6.10,6.15,4.64,,,,
WORKRB,24.67,31/12/29,1:1,5.09,5.14,,,,,
,
Woolworths Last Sale Price $24.95,
WOWXOC,23.00,29/03/12,2:1,1.15,1.16,,,,,
WOWXOA,24.00,29/03/12,2:1,.64,.65,.75,,,,
WOWKMB,18.74,31/12/29,1:1,6.19,6.22,6.18,-22,100,,
WOWKOB,19.39,31/12/29,1:1,5.54,5.55,5.67,,,,
WOWKRC,20.30,31/12/29,1:1,4.63,4.65,4.70,,,,
WOWKRB,20.83,31/12/29,1:1,4.11,4.13,4.02,,,,
WOWKRG,21.35,31/12/29,1:1,3.59,3.61,3.50,,,,
WOWKRH,21.83,31/12/29,1:1,3.11,3.13,3.33,,,,
WOWKOA,22.25,31/12/29,1:1,2.68,2.69,2.69,-10,10,,
WOWKZD,22.26,31/12/29,1:1,2.67,,3.75,,,,
WOWKRA,22.39,31/12/29,1:1,2.55,2.57,2.49,-12,15,,
WOWKMA,22.68,31/12/29,1:1,2.25,2.28,2.17,,,,
WOWKRE,22.97,31/12/29,1:1,1.97,1.985,2.24,,,,
WOWKRF,23.13,31/12/29,1:1,1.805,1.82,1.85,,,,
,
Woodside Petroleum Last Sale Price $36.90,
WPLXOA,32.00,29/03/12,4:1,1.52,1.53,.87,,,,
WPLXOD,33.00,29/03/12,4:1,1.27,1.28,.70,,,,
WPLKMH,17.56,31/12/29,1:1,19.33,19.36,12.54,,,,
WPLKMB,23.60,31/12/29,1:1,13.29,13.32,13.76,,,,
WPLKRH,23.90,31/12/29,1:1,13.12,13.00,9.95,,,,
WPLKOF,24.21,31/12/29,1:1,12.84,12.85,9.51,,,,
WPLKRG,25.00,31/12/29,1:1,12.03,11.91,12.52,,,,
WPLKOB,26.00,31/12/29,1:1,11.04,11.05,10.80,,,,
WPLKOI,26.51,31/12/29,1:1,10.53,10.54,7.64,,,,
WPLKRD,26.81,31/12/29,1:1,10.22,10.09,6.90,,,,
WPLKRC,27.30,31/12/29,1:1,9.72,9.60,6.34,,,,
WPLKME,27.38,31/12/29,1:1,9.50,9.53,9.46,,,,
WPLKOH,27.41,31/12/29,1:1,9.63,9.64,9.63,,,,
WPLQRC,27.88,31/12/29,1:1,9.14,9.02,,,,,
WPLKOE,28.67,31/12/29,1:1,8.37,8.38,6.52,,,,
WPLKRA,28.68,31/12/29,1:1,8.34,8.22,8.70,,,,
WPLLOD,28.80,31/12/29,1:1,9.24,9.25,,,,,
WPLQRD,29.14,31/12/29,1:1,7.89,7.77,,,,,
WPLKMG,29.20,31/12/29,1:1,7.69,7.72,8.44,,,,
WPLQRB,29.69,31/12/29,1:1,7.34,7.22,7.40,,50,,
WPLLOB,30.54,31/12/29,1:1,7.50,7.51,4.13,,,,
WPLKRB,32.50,31/12/29,1:1,,,9.65,,,,
WPLQRA,32.52,31/12/29,1:1,4.50,,,,,,
WPLLOA,32.55,31/12/29,1:1,5.50,5.51,6.00,,,,
,
Westfield Retail Tr Last Sale Price $2.50,
WRTKOA,1.63,31/12/29,1:1,.865,.875,,,,,
WRTKRB,1.83,31/12/29,1:1,.655,.67,.795,,,,
WRTKRA,1.96,31/12/29,1:1,.53,.545,.46,,,,
WRTKMA,1.96,31/12/29,1:1,.525,.55,.465,,,,
WRTKOB,2.03,31/12/29,1:1,.465,.475,,,,,
WRTKRC,2.04,31/12/29,1:1,.445,.46,.375,,,,
,
Western Areas Last Sale Price $5.61,
WSAKMA,3.30,31/12/29,1:1,2.29,2.32,,,,,
WSAKRD,3.82,31/12/29,1:1,1.76,1.795,1.805,,,,
WSAKRA,4.08,31/12/29,1:1,1.50,1.535,1.195,,,,
WSAKRC,4.18,31/12/29,1:1,1.40,1.435,,,,,
WSAKRB,4.25,31/12/29,1:1,1.325,1.36,,,,,
WSAKOA,4.51,31/12/29,1:1,1.085,1.095,,,,,
,
Wotif.com Hldgs Last Sale Price $4.55,
WTFKMB,1.85,31/12/29,1:1,2.69,2.72,,,,,
,
Crude Oil (Nymex) futures,
ZCLKRO,63.04,31/12/29,.10:1,4.49,4.52,4.18,,,,
ZCLKOD,64.73,31/12/29,.10:1,4.00,4.03,,,,,
ZCLKRB,72.11,31/12/29,.10:1,3.58,3.61,3.39,,,,
ZCLKOC,72.78,31/12/29,.10:1,3.25,3.28,,,,,
ZCLKRE,76.82,31/12/29,.10:1,2.88,2.92,2.72,,,,
ZCLKOB,80.83,31/12/29,.10:1,2.50,2.53,2.36,,,,
ZCLKOA,84.59,31/12/29,.10:1,2.15,2.18,2.21,,,,
ZCLKRD,84.77,31/12/29,.10:1,2.14,2.18,1.51,,,,
ZCLKRA,86.88,31/12/29,.10:1,2.10,2.13,2.27,,,,
ZCLKRG,86.88,31/12/29,.10:1,1.95,1.98,1.79,,,,
ZCLQRC,90.05,31/12/29,.10:1,1.67,1.675,,,,,
ZCLKRF,93.05,31/12/29,.10:1,1.38,1.405,1.55,,,,
,
Comex Gold Futures,
ZGCKZA,853.54,31/12/29,.01:1,8.50,8.53,8.65,,,,
ZGCKZB,979.76,31/12/29,.01:1,7.33,7.36,8.47,,,,
ZGCKZC,1184.29,31/12/29,.01:1,5.43,5.46,4.67,,,,
ZGCKRA,1290.67,31/12/29,.01:1,4.44,4.47,4.27,,,,
ZGCKZD,1325.29,31/12/29,.01:1,4.12,4.15,3.78,,,,
ZGCKRK,1330.77,31/12/29,.01:1,4.39,4.42,4.42,-1,45,,
ZGCKOC,1360.61,31/12/29,.01:1,3.79,3.82,,,,,
ZGCQRA,1383.84,31/12/29,.01:1,3.87,3.88,3.54,,,,
ZGCKRF,1385.54,31/12/29,.01:1,3.56,3.59,3.39,,,,
ZGCKRJ,1458.28,31/12/29,.01:1,2.90,2.91,3.02,,,,
ZGCKOB,1461.21,31/12/29,.01:1,2.85,2.88,2.72,,,,
ZGCQRD,1484.12,31/12/29,.01:1,2.86,2.87,2.92,,,,
ZGCQRG,1500.83,31/12/29,.01:1,2.50,2.51,,,,,
ZGCKOA,1561.81,31/12/29,.01:1,1.915,1.945,1.795,,,,
ZGCQRH,1590.00,31/12/29,.01:1,1.675,1.685,1.665,,100,,
ZGCQRB,1600.89,31/12/29,.01:1,1.70,1.705,1.775,,,,
ZGCKOD,1660.00,31/12/29,.01:1,1.005,1.035,,,,,
,
Comex Copper Futures,
ZHGKOD,2.26,31/12/29,1:1,1.48,1.51,,,,,
ZHGKOC,2.52,31/12/29,1:1,1.245,1.275,,,,,
ZHGKOB,2.77,31/12/29,1:1,1.01,1.04,,,,,
ZHGKOA,3.02,31/12/29,1:1,.78,.81,,,,,
ZHGKRD,287.94,31/12/29,.10:1,9.17,9.22,10.50,,,,
ZHGKRI,293.40,31/12/29,.10:1,8.67,8.71,,,,,
ZHGQRB,300.83,31/12/29,.10:1,8.61,8.63,,,,,
ZHGKRB,301.71,31/12/29,.10:1,7.89,7.94,8.00,,,,
ZHGKRH,311.77,31/12/29,.10:1,6.96,7.01,,,,,
ZHGKRE,315.18,31/12/29,.10:1,7.16,7.21,,,,,
ZHGKRC,321.83,31/12/29,.10:1,6.03,6.07,9.24,,,,
ZHGQRE,330.92,31/12/29,.10:1,5.60,5.62,,,,,
ZHGKRA,331.88,31/12/29,.10:1,5.09,5.14,5.46,,,,
,
Nymex Natural Gas,
ZNGKRF,2.15,31/12/29,1:1,.50,.53,.71,,,,
ZNGKRE,2.26,31/12/29,1:1,.405,.435,.505,,,,
ZNGQRA,2.35,31/12/29,1:1,,,,,,,
ZNGQRB,2.45,31/12/29,1:1,,,,,,,
ZNGKRA,2.61,31/12/29,1:1,,,.55,,,,
,
Palladium Futures (CME),
ZPAKRC,540.30,31/12/29,.01:1,1.51,1.545,,,,,
ZPAKRE,553.14,31/12/29,.01:1,1.50,1.535,1.46,,,,
ZPAKRA,578.28,31/12/29,.01:1,1.16,1.19,,,,,
ZPAKRB,620.34,31/12/29,.01:1,.77,.80,,,,,
ZPAKRD,620.34,31/12/29,.01:1,.83,.86,,,,,
,
Platinum Futures (CME),
ZPLKRC,1020.20,31/12/29,.01:1,6.32,6.36,4.03,,,,
ZPLKRA,1400.78,31/12/29,.01:1,2.79,2.83,,,,,
ZPLKRD,1400.78,31/12/29,.01:1,3.01,3.05,,,,,
ZPLKRB,1500.83,31/12/29,.01:1,1.865,1.90,,,,,
ZPLKRE,1500.83,31/12/29,.01:1,2.01,2.05,,,,,
,
Comex Silver Futures,
ZSIKOC,18.11,31/12/29,.10:1,1.60,1.63,,,,,
ZSIKRH,20.49,31/12/29,.10:1,1.375,1.40,1.235,,,,
ZSIKZB,21.45,31/12/29,.10:1,1.285,,1.195,,,,
ZSIKOB,22.13,31/12/29,.10:1,1.225,1.255,,,,,
ZSIKRC,24.03,31/12/29,.10:1,1.13,1.155,.78,,,,
ZSIKRG,24.19,31/12/29,.10:1,1.035,1.06,.87,,,,
ZSIQRA,26.09,31/12/29,.10:1,.935,.94,.815,,,,
ZSIKOA,26.16,31/12/29,.10:1,.85,.88,,,,,
ZSIKRD,27.60,31/12/29,.10:1,.725,.73,.62,,,,
ZSIQRG,28.10,31/12/29,.10:1,.735,.74,.62,,,,
ZSIKRI,28.61,31/12/29,.10:1,.635,.64,.655,,,,
ZSIKRB,29.52,31/12/29,.10:1,.58,,.61,,,,
ZSIQRO,29.52,31/12/29,.10:1,.55,.555,,,,,
ZSIKOD,30.00,31/12/29,.10:1,.495,.525,,,,,
ZSIQRN,30.02,31/12/29,.10:1,.50,.51,.51,,100,,
,
Barrier Put Warrants,
AGL Energy Last Sale Price $13.80,
AGKKRQ,17.03,31/12/29,1:1,3.21,3.24,3.08,,,,
AGKKOP,17.50,31/12/29,1:1,3.68,3.69,3.38,,,,
AGKKRR,18.01,31/12/29,1:1,4.19,4.22,4.20,,,,
AGKKMP,19.04,31/12/29,1:1,5.22,5.25,,,,,
AGKKRP,19.05,31/12/29,1:1,5.22,5.25,4.54,,,,
AGKKOZ,20.05,31/12/29,1:1,6.22,6.23,5.31,,,,
,
Atlas Iron Last Sale Price $3.15,
AGOKOQ,4.01,31/12/29,1:1,.835,.845,.955,,,,
AGOKRT,4.37,31/12/29,1:1,1.195,1.22,,,,,
AGOKOP,4.60,31/12/29,1:1,1.425,1.435,2.43,,,,
AGOKRP,4.76,31/12/29,1:1,1.59,1.615,1.42,,,,
AGOKRR,5.02,31/12/29,1:1,1.85,1.875,1.91,,,,
AGOKMP,5.05,31/12/29,1:1,1.89,1.915,2.05,,,,
,
Asciano Last Sale Price $4.89,
AIOKRQ,5.50,31/12/29,1:1,.61,.615,,,,,
AIOKRR,5.61,31/12/29,1:1,.715,.72,,,,,
AIOKRP,5.71,31/12/29,1:1,.815,.82,1.10,,,,
AIOKOP,6.00,31/12/29,1:1,1.11,1.12,,,,,
AIOKOQ,6.32,31/12/29,1:1,1.425,1.435,,,,,
AIOKMP,7.51,31/12/29,1:1,2.60,2.63,.555,,,,
,
Aristocrat Leisure Last Sale Price $2.90,
ALLKOQ,3.11,31/12/29,1:1,.295,.32,.57,,,,
ALLKOP,3.30,31/12/29,1:1,.395,.405,.685,,,,
ALLKMP,5.01,31/12/29,1:1,2.09,2.12,,,,,
,
Amcor Last Sale Price $6.91,
AMCKRP,8.34,31/12/29,1:1,1.43,1.435,1.36,,,,
AMCKOP,8.50,31/12/29,1:1,1.58,1.59,1.32,,,,
AMCKRR,8.59,31/12/29,1:1,1.675,1.68,,,,,
AMCKRQ,8.86,31/12/29,1:1,1.945,1.95,,,,,
AMCKMP,9.84,31/12/29,1:1,2.91,2.94,,,,,
AMCKOQ,9.84,31/12/29,1:1,2.93,2.94,2.88,,,,
,
AMP Last Sale Price $3.98,
AMPLOR,4.36,31/12/29,1:1,.495,.505,,,,,
AMPKRT,4.86,31/12/29,1:1,.87,.885,,,,,
AMPLOQ,4.87,31/12/29,1:1,.985,.995,,,,,
AMPKOP,4.98,31/12/29,1:1,.99,1.00,.90,,,,
AMPKMQ,5.06,31/12/29,1:1,1.07,1.095,.85,,,,
AMPKRS,5.13,31/12/29,1:1,1.135,1.15,1.14,,,,
AMPLOS,5.36,31/12/29,1:1,1.495,1.505,,,,,
AMPKRR,5.37,31/12/29,1:1,1.375,1.39,,,,,
AMPKOQ,5.37,31/12/29,1:1,1.385,1.395,2.44,,,,
AMPKMP,5.62,31/12/29,1:1,1.63,1.655,1.505,,,,
AMPKOS,5.87,31/12/29,1:1,1.885,1.895,1.885,,,,
AMPKRQ,5.88,31/12/29,1:1,1.89,1.905,1.635,,,,
AMPKZR,7.31,31/12/29,1:1,3.31,,2.87,,,,
,
ANZ Banking Grp Last Sale Price $21.88,
ANZXOR,22.50,29/03/12,2:1,.465,.475,.495,+14.5,20,,
ANZXOP,23.00,29/03/12,2:1,.705,.715,.665,,,,
ANZXOQ,23.50,29/03/12,2:1,.945,.955,.91,,,,
ANZXOS,24.00,29/03/12,2:1,1.19,1.35,1.22,+4,40,,
ANZLOS,22.51,31/12/29,1:1,1.03,1.04,.785,,,,
ANZLOQ,23.31,31/12/29,1:1,1.785,1.795,2.46,,,,
ANZLOP,23.79,31/12/29,1:1,2.26,2.27,2.21,+13,20,,
ANZKRU,23.80,31/12/29,1:1,1.865,1.92,1.755,+12.5,100,,
ANZKRY,24.09,31/12/29,1:1,2.16,2.22,2.14,,,,
ANZKMS,24.24,31/12/29,1:1,2.34,2.37,2.85,,,,
ANZKOR,24.30,31/12/29,1:1,2.38,2.39,2.39,+24,200,,
ANZKRQ,24.34,31/12/29,1:1,2.40,2.46,2.31,,,,
ANZKRZ,24.79,31/12/29,1:1,2.86,2.92,3.22,,,,
ANZKOS,25.03,31/12/29,1:1,3.11,3.12,3.10,+23,20,,
ANZQRA,25.14,31/12/29,1:1,3.21,3.27,,,,,
ANZLOR,25.32,31/12/29,1:1,3.79,3.80,,,,,
ANZQRP,25.80,31/12/29,1:1,3.86,3.92,4.38,,,,
ANZKOP,26.07,31/12/29,1:1,4.14,4.15,4.91,,,,
ANZQRQ,26.10,31/12/29,1:1,4.16,4.22,,,,,
ANZKMR,26.30,31/12/29,1:1,4.40,4.43,4.87,,,,
ANZKRS,26.35,31/12/29,1:1,4.41,4.47,5.90,,,,
ANZKZX,26.44,31/12/29,1:1,4.50,,5.30,,,,
ANZKOT,27.00,31/12/29,1:1,5.08,5.09,1.45,,,,
ANZKRX,27.00,31/12/29,1:1,5.07,5.13,2.20,,,,
ANZKMQ,28.31,31/12/29,1:1,6.41,6.44,7.41,,,,
ANZKOQ,29.90,31/12/29,1:1,7.98,7.99,10.43,,,,
ANZKMT,30.31,31/12/29,1:1,8.41,8.44,7.95,,,,
ANZKMP,32.31,31/12/29,1:1,10.42,10.45,3.20,,,,
,
APA Grp Last Sale Price $4.82,
APAKRS,5.60,31/12/29,1:1,.775,.78,,,,,
APAKRP,5.80,31/12/29,1:1,.98,.985,.865,,,,
APAKOP,5.86,31/12/29,1:1,1.045,1.055,2.02,,,,
APAKRQ,6.00,31/12/29,1:1,1.18,1.185,1.155,,,,
,
Aquila Res Last Sale Price $5.17,
AQAKMP,9.51,31/12/29,1:1,4.32,4.35,4.29,,,,
,
ASX Last Sale Price $31.25,
ASXKOZ,35.08,31/12/29,1:1,3.49,3.54,8.60,,,,
ASXKRR,35.18,31/12/29,1:1,3.91,3.94,,,,,
ASXKRQ,35.63,31/12/29,1:1,4.35,4.38,4.65,,,,
ASXKRP,36.13,31/12/29,1:1,4.85,4.88,7.02,,,,
ASXKMP,38.19,31/12/29,1:1,6.93,6.96,8.89,,,,
ASXKOP,39.00,31/12/29,1:1,7.73,7.74,7.50,,,,
,
Alumina Last Sale Price $1.31,
AWCKOP,1.59,31/12/29,1:1,.27,.28,.28,-8,500,,
AWCKRQ,1.62,31/12/29,1:1,.30,.31,.62,,,,
AWCKRT,1.72,31/12/29,1:1,.40,.41,.72,,,,
AWCKOR,1.79,31/12/29,1:1,.47,.48,,,,,
AWCKRP,1.83,31/12/29,1:1,.505,.515,.76,,,,
AWCKRR,1.92,31/12/29,1:1,.60,.61,.61,,,,
AWCKOQ,1.93,31/12/29,1:1,.605,.615,.70,,,,
AWCKRS,2.07,31/12/29,1:1,.75,.76,,,,,
AWCKMP,2.77,31/12/29,1:1,1.44,1.465,,,,,
,
AWE Last Sale Price $1.78,
AWEKOQ,2.46,31/12/29,1:1,.665,.675,.715,,,,
AWEKOP,2.80,31/12/29,1:1,1.01,1.02,1.04,,,,
,
Billabong Int'l Last Sale Price $2.98,
BBGKOR,3.50,31/12/29,1:1,.505,.515,.575,-12.5,180,,
BBGKRQ,4.00,31/12/29,1:1,1.01,,2.72,,,,
BBGKMP,4.01,31/12/29,1:1,1.005,,1.66,,,,
BBGQRP,4.50,31/12/29,1:1,1.51,,,,,,
,
Bendigo & Adelaide Bk Last Sale Price $7.64,
BENKRQ,9.71,31/12/29,1:1,2.03,2.07,3.46,,,,
BENKOR,9.95,31/12/29,1:1,2.28,2.29,2.00,,,,
BENKRR,10.21,31/12/29,1:1,2.53,2.57,2.96,,,,
BENKOS,10.72,31/12/29,1:1,3.04,3.05,2.48,,,,
BENKRP,10.73,31/12/29,1:1,3.06,3.10,2.56,,,,
BENKMP,11.73,31/12/29,1:1,4.07,4.10,3.47,,,,
,
BHP Billiton Last Sale Price $35.75,
BHPXOU,37.99,29/03/12,2:1,1.31,1.32,1.36,+5,273,,
BHPXOQ,39.50,29/03/12,2:1,2.06,2.07,2.20,,,,
BHPXOR,40.50,29/03/12,2:1,2.57,2.58,2.75,,,,
BHPLOS,37.49,31/12/29,1:1,2.57,2.58,,,,,
BHPLOP,39.61,31/12/29,1:1,4.57,4.58,5.50,,,,
BHPQRR,40.02,31/12/29,1:1,4.28,4.28,4.06,,,,
BHPKOV,40.51,31/12/29,1:1,4.79,4.80,4.60,,,,
BHPKRR,40.52,31/12/29,1:1,4.78,4.78,4.73,,,,
BHPKOP,40.55,31/12/29,1:1,4.82,4.83,5.06,,,,
BHPKRU,41.02,31/12/29,1:1,5.28,5.28,5.87,,,,
BHPKMS,41.11,31/12/29,1:1,5.34,5.37,5.48,,,,
BHPKRT,41.52,31/12/29,1:1,5.78,5.78,17.60,,,,
BHPKRY,41.56,31/12/29,1:1,5.81,5.81,5.74,,,,
BHPLOQ,41.62,31/12/29,1:1,6.59,6.60,7.34,,,,
BHPKOT,41.63,31/12/29,1:1,5.90,5.91,5.65,,,,
BHPQRS,41.81,31/12/29,1:1,6.06,6.06,7.65,,,,
BHPKRS,42.02,31/12/29,1:1,6.28,6.28,6.25,,,,
BHPQRT,42.06,31/12/29,1:1,6.32,6.32,,,,,
BHPKMV,42.09,31/12/29,1:1,6.33,6.36,5.09,,,,
BHPQRU,42.31,31/12/29,1:1,6.57,6.57,,,,,
BHPKRZ,42.56,31/12/29,1:1,6.81,6.81,6.88,,,,
BHPQRV,42.81,31/12/29,1:1,7.07,7.07,,,,,
BHPQRW,43.06,31/12/29,1:1,7.32,7.48,7.31,-8,34,,
BHPKOU,43.13,31/12/29,1:1,7.40,7.41,7.20,,,,
BHPQRX,43.31,31/12/29,1:1,7.57,7.57,,,,,
BHPKMR,43.59,31/12/29,1:1,7.82,7.85,7.33,,,,
BHPLOR,43.62,31/12/29,1:1,8.60,8.61,8.72,+35,50,,
BHPKRW,43.64,31/12/29,1:1,7.90,7.90,7.50,,,,
BHPKRQ,44.18,31/12/29,1:1,8.44,8.44,8.42,,,,
BHPQRP,44.34,31/12/29,1:1,8.60,8.60,8.98,,,,
BHPKRX,44.59,31/12/29,1:1,8.85,8.85,8.10,,,,
BHPQRQ,44.84,31/12/29,1:1,9.10,9.10,8.07,,,,
BHPKOW,45.52,31/12/29,1:1,9.80,9.81,2.60,,,,
BHPKMT,46.60,31/12/29,1:1,10.83,10.86,8.04,,,,
BHPKMQ,49.67,31/12/29,1:1,13.90,13.93,12.53,,,,
BHPKOQ,51.70,31/12/29,1:1,15.98,15.99,15.92,,,,
BHPKMW,59.59,31/12/29,1:1,23.82,23.85,22.09,,,,
,
Bradken Last Sale Price $8.29,
BKNKZQ,9.33,31/12/29,1:1,,,2.14,,,,
BKNKRQ,11.00,31/12/29,1:1,2.70,2.72,3.25,,,,
BKNKRP,11.56,31/12/29,1:1,3.26,3.28,3.40,,,,
BKNKRR,12.31,31/12/29,1:1,4.01,4.03,,,,,
,
Boral Last Sale Price $4.28,
BLDKOP,5.00,31/12/29,1:1,.695,.705,.70,+9.5,1200,,
BLDKRP,5.00,31/12/29,1:1,.69,.725,.76,+13.5,202,,
BLDKMP,5.70,31/12/29,1:1,1.405,1.65,1.50,+26,75,,
BLDKOQ,5.71,31/12/29,1:1,1.405,1.415,,,,,
,
Boart Longyear Last Sale Price $4.33,
BLYKOQ,5.00,31/12/29,1:1,.665,.675,,,,,
BLYKMP,5.01,31/12/29,1:1,.67,.695,1.295,,,,
BLYKRS,5.40,31/12/29,1:1,1.08,1.095,,,,,
BLYKOP,5.50,31/12/29,1:1,1.165,1.175,.90,,,,
BLYKRP,5.50,31/12/29,1:1,1.17,1.175,1.15,,,,
BLYKRQ,5.60,31/12/29,1:1,1.27,1.275,1.81,,,,
BLYKRR,5.70,31/12/29,1:1,1.37,1.37,,,,,
BLYKMQ,6.02,31/12/29,1:1,1.67,1.70,,,,,
,
Bank of Qld Last Sale Price $7.35,
BOQKRR,8.51,31/12/29,1:1,1.145,1.16,,,,,
BOQKRQ,9.01,31/12/29,1:1,1.645,1.66,1.46,,,,
BOQKRP,9.52,31/12/29,1:1,2.15,2.17,1.685,,,,
BOQKOP,9.77,31/12/29,1:1,2.42,2.43,2.00,,,,
BOQKOQ,10.75,31/12/29,1:1,3.39,3.40,,,,,
BOQKMP,11.75,31/12/29,1:1,4.38,4.41,4.00,,,,
,
Beach Energy Last Sale Price $1.63,
BPTKOP,2.40,31/12/29,1:1,.77,.78,,,,,
,
BlueScope Steel Last Sale Price $0.41,
BSLKRP,0.50,31/12/29,1:1,.08,.086,.115,,,,
BSLKOP,0.55,31/12/29,1:1,.125,.135,.30,,,,
BSLKRS,0.55,31/12/29,1:1,.13,.14,,,,,
BSLKRT,0.60,31/12/29,1:1,.18,.19,.20,,,,
BSLKOQ,0.65,31/12/29,1:1,.225,.235,.235,,,,
BSLKOR,0.75,31/12/29,1:1,.325,.335,,,,,
BSLKRU,0.95,31/12/29,1:1,.53,.54,.54,,,,
BSLKMP,1.00,31/12/29,1:1,.57,.595,.36,,,,
BSLKMQ,1.50,31/12/29,1:1,1.07,1.095,,,,,
,
Brambles Last Sale Price $7.09,
BXBKRP,8.41,31/12/29,1:1,1.295,1.32,1.375,,,,
BXBKRQ,8.65,31/12/29,1:1,1.54,1.565,,,,,
BXBKOP,8.78,31/12/29,1:1,1.67,1.68,1.565,,,,
BXBKMP,9.02,31/12/29,1:1,1.915,1.94,2.00,,,,
BXBKRR,9.16,31/12/29,1:1,2.04,2.07,1.90,,,,
BXBKOR,9.21,31/12/29,1:1,2.10,2.11,,,,,
,
C'wlth Bank of Aust Last Sale Price $49.15,
CBAXOT,50.63,29/03/12,4:1,.465,.475,.465,+6.5,300,,
CBAXOU,54.00,29/03/12,4:1,1.39,1.40,1.315,,,,
CBALOQ,50.78,31/12/29,1:1,2.57,2.58,2.03,,,,
CBALOS,51.65,31/12/29,1:1,3.44,3.45,3.49,+55,10,,
CBALOP,52.74,31/12/29,1:1,4.53,4.54,4.30,,,,
CBAKOU,53.23,31/12/29,1:1,4.01,4.02,4.05,+40,200,,
CBAQRS,53.38,31/12/29,1:1,4.14,4.23,4.76,,,,
CBALOR,53.79,31/12/29,1:1,5.58,5.59,5.54,,,,
CBAKRQ,53.85,31/12/29,1:1,4.62,4.71,4.32,,,,
CBAKOR,54.05,31/12/29,1:1,4.83,4.84,4.88,+49,100,,
CBAQRP,54.26,31/12/29,1:1,5.03,5.12,3.94,,,,
CBAQRQ,54.72,31/12/29,1:1,5.48,5.57,5.31,,,,
CBAKMQ,54.76,31/12/29,1:1,5.59,5.62,5.50,+43,5,,
CBAKRR,55.36,31/12/29,1:1,6.12,6.21,5.76,,,,
CBAKOV,55.70,31/12/29,1:1,6.49,6.50,6.70,,,,
CBAKRP,55.88,31/12/29,1:1,6.65,6.74,6.29,,,,
CBAKMS,56.01,31/12/29,1:1,6.84,6.87,6.66,,,,
CBAQRT,56.72,31/12/29,1:1,7.48,7.57,7.04,,,,
CBAKOW,57.66,31/12/29,1:1,8.44,8.45,8.88,,,,
CBAQRU,57.72,31/12/29,1:1,8.48,8.57,9.23,,,,
CBAKRU,58.87,31/12/29,1:1,9.64,9.73,10.54,,,,
CBAKMR,59.23,31/12/29,1:1,10.06,10.09,10.56,,,,
CBAKZR,60.24,31/12/29,1:1,11.02,,15.58,,,,
CBAKRT,60.67,31/12/29,1:1,11.43,11.52,3.39,,,,
CBAKMT,61.84,31/12/29,1:1,12.67,12.70,13.94,,,,
CBAKMU,65.33,31/12/29,1:1,16.16,16.19,,,,,
CBAKMV,67.73,31/12/29,1:1,18.56,18.59,,,,,
,
Coca-Cola Amatil Last Sale Price $11.79,
CCLKRP,13.74,31/12/29,1:1,1.95,1.955,1.88,,,,
CCLKRQ,14.01,31/12/29,1:1,2.21,2.22,3.04,,,,
CCLKOP,14.30,31/12/29,1:1,2.52,2.53,2.67,,,,
CCLKRR,14.31,31/12/29,1:1,2.51,2.52,2.54,,,,
CCLKOQ,15.23,31/12/29,1:1,3.45,3.46,3.44,,,,
CCLKMP,15.73,31/12/29,1:1,3.92,3.95,2.66,,,,
,
CuDECO Last Sale Price $3.28,
CDUKMP,5.51,31/12/29,1:1,2.22,2.25,2.14,,,,
CDUKMQ,6.50,31/12/29,1:1,3.21,3.24,,,,,
,
Challenger Last Sale Price $4.08,
CGFKOP,5.94,31/12/29,1:1,1.84,1.85,1.825,,,,
CGFKOQ,7.52,31/12/29,1:1,3.42,3.43,,,,,
,
Cochlear Last Sale Price $60.23,
COHKRS,70.48,31/12/29,1:1,10.25,10.26,11.45,,,,
COHKRW,70.89,31/12/29,1:1,10.65,10.66,9.85,,,,
COHKRV,71.39,31/12/29,1:1,11.15,11.16,11.19,,,,
COHKRU,72.39,31/12/29,1:1,12.15,12.16,12.60,,,,
COHKRT,73.83,31/12/29,1:1,13.59,13.60,,,,,
COHKOS,73.87,31/12/29,1:1,13.70,13.71,13.29,,,,
COHKOP,78.88,31/12/29,1:1,18.70,18.71,19.65,,,,
COHKMP,79.08,31/12/29,1:1,18.84,18.87,21.04,,,,
COHKOT,83.88,31/12/29,1:1,23.71,23.72,,,,,
,
Campbell Brothers Last Sale Price $59.21,
CPBKMP,72.01,31/12/29,1:1,12.78,12.81,,,,,
CPBKOP,75.01,31/12/29,1:1,15.84,15.85,20.27,,,,
CPBKMQ,77.02,31/12/29,1:1,17.79,17.82,,,,,
CPBKOQ,80.02,31/12/29,1:1,20.86,20.87,,,,,
,
Computershare Last Sale Price $7.70,
CPUKRP,9.40,31/12/29,1:1,1.675,1.70,1.43,,,,
CPUKRR,9.61,31/12/29,1:1,1.89,1.915,,,,,
CPUKOP,9.86,31/12/29,1:1,2.16,2.17,3.01,,,,
CPUKRQ,9.90,31/12/29,1:1,2.17,2.20,1.965,,,,
CPUKOQ,10.38,31/12/29,1:1,2.67,2.68,2.66,,,,
CPUKMP,11.38,31/12/29,1:1,3.66,3.69,2.30,,,,
,
CSL Last Sale Price $33.19,
CSLKRR,37.20,31/12/29,1:1,3.94,4.01,6.31,,,,
CSLKRT,37.60,31/12/29,1:1,4.34,4.41,7.12,,,,
CSLKRU,38.10,31/12/29,1:1,4.84,4.91,5.79,,,,
CSLKOR,38.24,31/12/29,1:1,5.01,5.02,,,,,
CSLKRS,38.55,31/12/29,1:1,5.30,5.37,7.25,,,,
CSLKMP,40.05,31/12/29,1:1,6.84,6.87,5.27,,,,
CSLKOP,40.36,31/12/29,1:1,7.14,7.15,7.95,,,,
CSLKOQ,45.11,31/12/29,1:1,11.89,11.90,,,,,
,
CSR Last Sale Price $1.94,
CSRKRR,2.60,31/12/29,1:1,.66,.67,,,,,
CSRKOP,2.70,31/12/29,1:1,.755,.765,,,,,
CSRKRQ,2.75,31/12/29,1:1,.805,.815,,,,,
CSRKRP,3.00,31/12/29,1:1,1.06,1.07,,,,,
CSRKMP,3.24,31/12/29,1:1,1.29,1.315,,,,,
,
Caltex Aust Last Sale Price $13.29,
CTXKRT,15.21,31/12/29,1:1,1.95,1.925,2.75,,,,
CTXKRQ,15.80,31/12/29,1:1,2.54,2.52,4.02,,,,
CTXKMQ,16.01,31/12/29,1:1,2.71,2.74,6.12,,,,
CTXKOP,16.04,31/12/29,1:1,2.77,2.78,2.53,,,,
CTXKRS,16.04,31/12/29,1:1,2.78,2.76,4.19,,,,
CTXKOQ,17.04,31/12/29,1:1,3.78,3.79,3.77,,,,
,
Crown Last Sale Price $8.30,
CWNKOQ,10.20,31/12/29,1:1,1.895,1.905,,,,,
CWNKRP,10.27,31/12/29,1:1,1.965,1.97,2.26,,,,
CWNKRR,10.53,31/12/29,1:1,2.23,2.24,2.31,,,,
CWNKOP,10.87,31/12/29,1:1,2.56,2.57,2.66,,,,
CWNKRQ,11.03,31/12/29,1:1,2.72,2.73,,,,,
CWNKMP,12.02,31/12/29,1:1,3.70,3.73,3.83,,,,
,
David Jones Last Sale Price $2.75,
DJSKRR,3.10,31/12/29,1:1,.31,.325,1.36,,,,
DJSKRP,3.30,31/12/29,1:1,.54,.555,.515,-14,35,,
DJSKOR,3.40,31/12/29,1:1,.645,.655,,,,,
DJSKOS,3.70,31/12/29,1:1,.945,.955,,,,,
DJSKRQ,3.87,31/12/29,1:1,1.105,1.12,1.205,,,,
DJSKMP,4.51,31/12/29,1:1,1.735,1.765,1.30,,,,
,
Downer EDI Last Sale Price $3.85,
DOWKRP,4.50,31/12/29,1:1,.63,.655,,,,,
DOWKOP,4.52,31/12/29,1:1,.645,.655,1.45,,,,
DOWKRR,4.60,31/12/29,1:1,.73,.755,1.25,,,,
DOWKRQ,4.70,31/12/29,1:1,.83,.855,,,,,
,
Echo Entertainment Last Sale Price $4.34,
EGPKRP,5.00,31/12/29,1:1,.64,.665,,,,,
EGPKOP,5.02,31/12/29,1:1,.675,.685,.775,,,,
EGPKRQ,5.25,31/12/29,1:1,.89,.915,,,,,
EGPKRR,5.50,31/12/29,1:1,1.14,1.165,,,,,
EGPKOQ,5.55,31/12/29,1:1,1.205,1.215,2.31,,,,
EGPKMP,6.24,31/12/29,1:1,1.885,1.91,1.40,,,,
,
Energy Res Last Sale Price $1.25,
ERAKRQ,2.00,31/12/29,1:1,.75,.76,.65,,,,
ERAKOP,2.10,31/12/29,1:1,.845,.855,2.13,,,,
ERAKRR,2.25,31/12/29,1:1,1.00,1.01,1.58,,,,
ERAKRP,2.50,31/12/29,1:1,1.25,1.26,1.14,,,,
ERAKOQ,2.60,31/12/29,1:1,1.345,1.355,,,,,
ERAKMP,3.58,31/12/29,1:1,2.31,2.34,,,,,
,
Currency Warrant EUR/JPY,
FEJKRQ,111.95,31/12/29,100:1,,,,,,,
FEJKRP,113.95,31/12/29,100:1,6.89,7.02,,,,,
,
Currency Warrant EUR/USD,
FEUKRQ,1.39,31/12/29,100:1,4.67,4.75,6.70,,,,
FEUKRP,1.45,31/12/29,100:1,9.47,9.55,,,,,
,
Fortescue Metals Grp Last Sale Price $5.42,
FMGXOT,5.75,29/03/12,2:1,.29,.30,.28,,,,
FMGXOQ,6.00,29/03/12,2:1,.415,.425,.405,,,,
FMGXOP,6.25,29/03/12,2:1,.535,.545,.17,,,,
FMGQRQ,6.30,31/12/29,1:1,.86,.885,,,,,
FMGKRZ,6.40,31/12/29,1:1,.96,.985,.605,,,,
FMGKRP,6.50,31/12/29,1:1,1.06,1.085,.74,,,,
FMGKRW,6.50,31/12/29,1:1,1.06,1.085,1.05,+4,300,,
FMGKMR,6.51,31/12/29,1:1,1.075,1.10,1.01,,,,
FMGKOP,6.52,31/12/29,1:1,1.07,1.08,1.09,,,,
FMGKRU,6.75,31/12/29,1:1,1.31,1.335,1.43,,,,
FMGKRY,6.85,31/12/29,1:1,1.41,1.435,1.11,,,,
FMGQRP,7.00,31/12/29,1:1,1.56,1.585,,,,,
FMGKOT,7.02,31/12/29,1:1,1.57,1.58,1.595,,,,
FMGKOU,7.50,31/12/29,1:1,2.06,2.07,,,,,
FMGKMP,7.82,31/12/29,1:1,2.38,2.41,2.41,,,,
FMGKMQ,8.53,31/12/29,1:1,3.09,3.12,3.10,,,,
FMGKZV,8.99,31/12/29,1:1,3.54,,3.19,,,,
FMGKMS,10.02,31/12/29,1:1,4.58,4.61,,,,,
,
Currency Warrant USD/JPY,
FUJKRQ,85.71,31/12/29,100:1,6.16,6.25,,,,,
FUJKRP,87.96,31/12/29,100:1,8.76,8.85,,,,,
,
Fleetwood Corp Last Sale Price $12.37,
FWDKRQ,14.67,31/12/29,1:1,2.27,2.31,,,,,
FWDKRP,15.20,31/12/29,1:1,2.80,2.84,2.71,+9,5,,
,
Currency Warrant AUD/EUR,
FXEKRR,0.84,31/12/29,100:1,5.12,5.19,3.97,,,,
FXEKOQ,0.85,31/12/29,100:1,6.08,6.14,,,,,
FXEKRU,0.86,31/12/29,100:1,7.60,7.68,7.25,,,,
FXEKOS,0.87,31/12/29,100:1,8.56,8.62,9.87,,,,
FXEKRV,0.88,31/12/29,100:1,10.07,10.14,,,,,
,
Currency Warrant AUD/HKD,
FXHKRP,8.64,31/12/29,100:1,3.38,3.44,,,,,
FXHKRR,8.83,31/12/29,100:1,5.67,5.74,,,,,
FXHKRQ,8.85,31/12/29,100:1,5.92,5.99,,,,,
,
Fairfax Media Last Sale Price $0.80,
FXJKOQ,1.10,31/12/29,1:1,.295,.305,.33,,,,
FXJKOP,1.24,31/12/29,1:1,.43,.44,.425,,,,
FXJKMP,1.25,31/12/29,1:1,.44,.465,,,,,
,
Currency Warrant AUD/GBP,
FXPKOQ,0.72,31/12/29,100:1,5.41,5.47,6.29,,,,
FXPKRS,0.72,31/12/29,100:1,6.48,6.54,7.01,,,,
FXPKRQ,0.73,31/12/29,100:1,7.33,7.39,9.97,,,,
FXPKOP,0.74,31/12/29,100:1,8.31,8.37,,,,,
FXPKRP,0.74,31/12/29,100:1,8.35,8.40,5.28,,,,
,
Currency Warrant AUS/USD,
FXUKOS,1.11,31/12/29,100:1,2.53,2.59,3.04,,,,
FXUKRY,1.11,31/12/29,100:1,3.17,3.22,3.23,-86,27,,
FXUKOQ,1.12,31/12/29,100:1,3.45,3.51,3.70,,,,
FXUKRZ,1.12,31/12/29,100:1,4.09,4.14,4.31,-18,20,,
FXUKOW,1.13,31/12/29,100:1,4.37,4.43,5.72,,,,
FXUQRP,1.13,31/12/29,100:1,5.00,5.05,5.04,-46,90,,
FXUKOT,1.14,31/12/29,100:1,5.30,5.36,5.91,,,,
FXUKZ5,1.14,31/12/29,100:1,5.95,,14.00,,,,
FXUKOZ,1.18,31/12/29,100:1,9.65,9.71,9.91,-41,2,,
,
Currency Warrant AUD/JPY,
FXYKRP,89.63,31/12/29,100:1,3.49,3.57,6.10,,,,
FXYKOQ,89.77,31/12/29,100:1,3.71,3.79,,,,,
FXYKOP,91.28,31/12/29,100:1,5.46,5.54,,,,,
FXYKRQ,91.76,31/12/29,100:1,5.95,6.03,5.30,,,,
,
Currency Warrant AUD/NZD,
FXZKRQ,1.35,31/12/29,100:1,5.42,5.52,4.74,,,,
FXZKOQ,1.36,31/12/29,100:1,5.91,6.03,,,,,
FXZKRR,1.37,31/12/29,100:1,6.94,7.03,5.32,,,,
FXZKOP,1.41,31/12/29,100:1,9.67,9.79,,,,,
,
Gindalbie Metals Last Sale Price $0.69,
GBGKOP,1.00,31/12/29,1:1,.305,.315,.385,,,,
,
Goodman Fielder Last Sale Price $0.69,
GFFKOP,0.72,31/12/29,1:1,.071,.081,.195,,,,
GFFKOQ,0.80,31/12/29,1:1,.12,.135,.255,,,,
,
GrainCorp Last Sale Price $7.98,
GNCKMP,13.01,31/12/29,1:1,5.02,5.05,3.53,,,,
,
GPT Grp Last Sale Price $3.10,
GPTKOP,3.87,31/12/29,1:1,.76,.77,.76,,,,
GPTKMP,3.92,31/12/29,1:1,.805,.83,,,,,
GPTKRP,4.08,31/12/29,1:1,.97,.985,,,,,
GPTKOQ,4.15,31/12/29,1:1,1.045,1.055,,,,,
GPTKRQ,4.25,31/12/29,1:1,1.14,1.155,,,,,
GPTKRR,4.47,31/12/29,1:1,1.355,1.37,,,,,
,
Gryphon Minerals Last Sale Price $1.21,
GRYKOQ,1.90,31/12/29,1:1,.685,.695,,,,,
GRYKOP,2.30,31/12/29,1:1,1.085,1.095,.995,,,,
,
Harvey Norman Last Sale Price $2.16,
HVNKRQ,2.50,31/12/29,1:1,.33,.345,.44,,,,
HVNKRR,2.60,31/12/29,1:1,.43,.445,1.06,,,,
HVNKOP,2.65,31/12/29,1:1,.485,.495,.50,,,,
HVNKRP,2.70,31/12/29,1:1,.525,.54,.545,,,,
HVNKMP,3.25,31/12/29,1:1,1.075,1.10,,,,,
HVNKOQ,3.45,31/12/29,1:1,1.28,1.29,,,,,
HVNKZQ,3.49,31/12/29,1:1,1.32,,1.465,,,,
,
Insurance Aust Grp Last Sale Price $3.28,
IAGKRR,3.75,31/12/29,1:1,.475,.47,,,,,
IAGKOP,3.79,31/12/29,1:1,.515,.525,,,,,
IAGKRP,3.90,31/12/29,1:1,.63,.625,.645,+1,9,,
IAGKRQ,4.10,31/12/29,1:1,,,1.725,,,,
IAGKOQ,4.10,31/12/29,1:1,.825,.835,,,,,
IAGKMP,4.20,31/12/29,1:1,.905,.93,,,,,
IAGKMQ,5.00,31/12/29,1:1,1.705,1.73,,,,,
,
Independence Grp Last Sale Price $4.39,
IGOKOP,6.00,31/12/29,1:1,1.605,1.615,3.08,,,,
,
Iluka Res Last Sale Price $16.47,
ILUKRS,21.51,31/12/29,1:1,5.01,5.06,4.79,,,,
ILUKRV,22.01,31/12/29,1:1,5.51,5.56,,,,,
ILUKMR,22.51,31/12/29,1:1,6.03,6.06,5.80,,,,
ILUKOR,23.01,31/12/29,1:1,6.50,6.51,,,,,
ILUKRQ,23.05,31/12/29,1:1,6.54,6.59,5.09,,,,
ILUKOP,24.92,31/12/29,1:1,8.40,8.40,8.40,+109,200,,
ILUKMS,25.01,31/12/29,1:1,8.53,8.56,,,,,
ILUKOS,26.51,31/12/29,1:1,10.00,10.01,,,,,
ILUKOT,29.01,31/12/29,1:1,12.50,12.51,,,,,
,
Incitec Pivot Last Sale Price $3.25,
IPLKOQ,4.00,31/12/29,1:1,.745,.755,.73,+2.5,100,,
IPLKRP,4.00,31/12/29,1:1,.735,.75,.735,+6.5,100,,
IPLKRS,4.18,31/12/29,1:1,.92,.935,1.00,,,,
IPLKRR,4.30,31/12/29,1:1,1.04,1.055,,,,,
IPLKOP,4.58,31/12/29,1:1,1.325,1.335,.935,,,,
IPLKOR,5.40,31/12/29,1:1,2.15,2.16,,,,,
IPLKMP,5.60,31/12/29,1:1,2.33,2.36,1.06,,,,
IPLKMQ,7.94,31/12/29,1:1,4.67,4.70,,,,,
,
JB Hi-Fi Last Sale Price $11.64,
JBHKRQ,15.12,31/12/29,1:1,3.45,,3.80,,,,
JBHKRS,16.12,31/12/29,1:1,4.45,,,,,,
JBHKOP,16.52,31/12/29,1:1,4.85,,6.41,,,,
JBHKRR,17.12,31/12/29,1:1,5.44,,9.79,,,,
,
James Hardie Ind Last Sale Price $7.23,
JHXQRP,8.50,31/12/29,1:1,1.29,1.275,,,,,
JHXKRR,8.72,31/12/29,1:1,1.51,1.495,,,,,
JHXQRQ,9.00,31/12/29,1:1,1.79,1.775,1.815,,130,,
JHXKOQ,9.01,31/12/29,1:1,1.80,1.81,,,,,
JHXKMP,9.47,31/12/29,1:1,2.23,2.26,2.23,+25.5,150,,
JHXKOR,10.00,31/12/29,1:1,2.79,2.80,,,,,
,
Karoon Gas Aust Last Sale Price $5.98,
KARKRP,7.80,31/12/29,1:1,,,,,,,
KARKOQ,8.00,31/12/29,1:1,2.00,2.01,1.78,,,,
KARKRR,8.00,31/12/29,1:1,1.99,2.03,1.66,,,,
KARKMP,8.02,31/12/29,1:1,2.02,2.05,,,,,
KARKRS,8.25,31/12/29,1:1,2.24,2.28,,,,,
KARKRQ,8.50,31/12/29,1:1,,,,,,,
KARKOP,8.80,31/12/29,1:1,2.80,2.81,2.03,,,,
,
Kingsgate Cons Last Sale Price $6.76,
KCNKMP,10.01,31/12/29,1:1,3.23,3.26,2.82,,,,
KCNKOR,10.02,31/12/29,1:1,3.23,3.24,3.29,,,,
KCNKRP,10.25,31/12/29,1:1,3.47,3.50,4.80,,,,
KCNKOQ,13.01,31/12/29,1:1,6.23,6.24,5.11,,,,
,
Leighton Hldgs Last Sale Price $25.73,
LEIKOQ,29.16,29/02/12,1:1,2.94,,2.94,-1,15,,
LEIKOR,31.01,31/12/29,1:1,5.27,5.28,,,,,
LEIKMQ,32.00,31/12/29,1:1,6.25,6.28,7.26,,,,
LEIKOS,33.01,31/12/29,1:1,7.28,7.29,,,,,
LEIQRP,35.01,31/12/29,1:1,9.24,9.29,,,,,
LEIQRQ,36.01,31/12/29,1:1,10.24,10.29,13.02,,,,
,
Lend Lease Grp Last Sale Price $7.33,
LLCKRQ,9.03,31/12/29,1:1,1.685,1.70,1.615,,,,
LLCQRP,9.42,31/12/29,1:1,2.07,2.09,,,,,
LLCKOQ,9.50,31/12/29,1:1,2.16,2.17,,,,,
LLCKRP,9.89,31/12/29,1:1,2.55,2.57,2.75,,,,
LLCKOP,10.03,31/12/29,1:1,2.69,2.70,2.52,,,,
LLCKMP,10.69,31/12/29,1:1,3.35,3.38,,,,,
LLCKRR,11.90,31/12/29,1:1,4.55,4.57,4.45,,,,
,
Linc Energy Last Sale Price $1.45,
LNCKMP,3.00,31/12/29,1:1,1.54,1.565,1.665,,,,
,
Lynas Corp Last Sale Price $1.22,
LYCKOR,2.00,31/12/29,1:1,.77,.78,.77,-2,750,,
LYCKRQ,2.10,31/12/29,1:1,.87,.885,.52,,,,
LYCKRR,2.20,31/12/29,1:1,.97,.985,.99,+2,300,,
LYCKRT,2.30,31/12/29,1:1,1.07,1.085,,,,,
LYCKMP,2.30,31/12/29,1:1,1.07,1.095,1.035,,,,
LYCKOT,2.50,31/12/29,1:1,1.27,1.28,,,,,
LYCQRP,2.60,31/12/29,1:1,1.37,1.385,1.155,,,,
,
Mirvac Grp Last Sale Price $1.17,
MGRKRR,1.49,31/12/29,1:1,.32,.325,,,,,
MGRKRP,1.58,31/12/29,1:1,.41,.415,.335,,,,
MGRKOQ,1.60,31/12/29,1:1,.425,.435,,,,,
MGRKRQ,1.72,31/12/29,1:1,.545,.55,,,,,
MGRKOP,1.72,31/12/29,1:1,.54,.55,.435,,,,
MGRKMP,1.78,31/12/29,1:1,.595,.62,.42,,,,
,
Mount Gibson Iron Last Sale Price $1.28,
MGXKOP,2.22,31/12/29,1:1,.93,.94,.87,,,,
MGXKMP,2.31,31/12/29,1:1,1.02,1.045,.965,,,,
,
Mineral Res Last Sale Price $12.99,
MINKMP,15.57,31/12/29,1:1,2.57,2.60,3.78,,,,
MINKRP,15.75,31/12/29,1:1,2.72,2.77,,,,,
MINKRQ,16.01,31/12/29,1:1,2.97,3.02,,,,,
MINKRS,16.25,31/12/29,1:1,3.22,3.27,,,,,
MINKRR,16.50,31/12/29,1:1,3.47,3.52,,,,,
,
Medusa Min Last Sale Price $6.19,
MMLKOP,8.50,31/12/29,1:1,2.30,2.31,2.46,,,,
,
Monadelphous Grp Last Sale Price $23.60,
MNDKRQ,27.00,31/12/29,1:1,3.40,3.41,3.24,,,,
MNDKOP,27.09,31/12/29,1:1,3.49,3.50,4.09,,,,
MNDKRR,27.50,31/12/29,1:1,3.90,3.91,3.85,,,,
,
Macquarie Grp Last Sale Price $27.29,
MQGXOW,28.00,29/03/12,4:1,.39,.40,.38,-5,1000,,
MQGXOS,29.00,29/03/12,4:1,.64,.65,.75,,,,
MQGXOT,30.00,29/03/12,4:1,.885,.895,1.015,,,,
MQGXOU,31.00,29/03/12,4:1,1.13,1.14,.245,,,,
MQGLOR,29.44,31/12/29,1:1,2.89,2.90,3.10,,,,
MQGKRS,31.02,31/12/29,1:1,3.76,3.76,3.76,-50,30,,
MQGQRP,31.51,31/12/29,1:1,4.16,4.22,4.62,,,,
MQGQRQ,32.01,31/12/29,1:1,4.66,4.72,,,,,
MQGKOS,32.44,31/12/29,1:1,5.09,5.10,5.05,-54,40,,
MQGLOP,32.44,31/12/29,1:1,5.89,5.90,6.30,,,,
MQGQRR,33.01,31/12/29,1:1,5.67,5.73,2.70,,,,
MQGQRS,33.09,31/12/29,1:1,5.75,5.81,,,,,
MQGKRR,34.01,31/12/29,1:1,6.67,6.73,6.66,-24,30,,
MQGKOZ,34.52,31/12/29,1:1,7.17,7.18,10.34,,,,
MQGKZU,47.72,31/12/29,1:1,20.37,,24.78,,,,
MQGKZR,75.43,31/12/29,1:1,48.08,,36.13,,,,
,
Mesoblast Last Sale Price $7.66,
MSBKOR,10.00,31/12/29,1:1,2.32,2.33,3.76,,,,
MSBKRT,10.15,31/12/29,1:1,2.46,2.50,,,,,
MSBKRR,10.52,31/12/29,1:1,2.83,2.87,3.99,,,,
MSBKRP,10.75,31/12/29,1:1,3.06,3.10,4.65,,,,
MSBKRS,11.00,31/12/29,1:1,3.31,3.35,3.33,,,,
MSBKMP,11.52,31/12/29,1:1,3.85,3.88,3.81,,,,
MSBKOQ,12.03,31/12/29,1:1,4.34,4.35,5.29,,,,
,
Metcash Last Sale Price $4.24,
MTSKRP,4.90,31/12/29,1:1,.655,.66,,,,,
MTSKRR,5.10,31/12/29,1:1,.86,.865,,,,,
MTSKRQ,5.30,31/12/29,1:1,1.06,1.065,,,,,
MTSKOP,5.41,31/12/29,1:1,1.175,1.185,1.35,,,,
,
Myer Hldgs Last Sale Price $2.32,
MYRQRQ,2.65,31/12/29,1:1,.33,.335,,,,,
MYRKRP,2.75,31/12/29,1:1,.43,.445,.65,,,,
MYRKOQ,2.80,31/12/29,1:1,.485,.495,,,,,
MYRQRP,3.04,31/12/29,1:1,.72,.735,,,,,
MYRKRR,3.40,31/12/29,1:1,1.075,1.09,1.43,,,,
MYRKOP,3.40,31/12/29,1:1,1.085,1.095,1.135,,,,
MYRKMP,4.01,31/12/29,1:1,1.675,1.70,,,,,
,
National Aust Bank Last Sale Price $23.29,
NABXOT,24.50,29/03/12,2:1,.745,.755,.78,+11.5,18,,
NABXOR,25.00,29/03/12,2:1,.99,1.00,,,,,
NABXOP,27.00,29/03/12,2:1,1.975,1.985,,,,,
NABXOQ,29.50,29/03/12,2:1,3.22,3.23,,,,,
NABLOR,24.00,31/12/29,1:1,1.125,1.135,4.25,,,,
NABLOS,25.02,31/12/29,1:1,2.14,2.15,2.72,,,,
NABQRS,25.82,31/12/29,1:1,2.43,2.53,2.84,,,,
NABQRU,26.06,31/12/29,1:1,2.67,2.77,,,,,
NABLOQ,26.20,31/12/29,1:1,3.25,3.26,3.26,-71,8,,
NABQRT,26.22,31/12/29,1:1,2.83,2.93,,,,,
NABQRR,26.28,31/12/29,1:1,2.89,2.99,,,,,
NABKOV,26.42,31/12/29,1:1,3.05,3.06,2.94,,,,
NABKRY,26.54,31/12/29,1:1,3.16,3.26,3.10,,,,
NABKRZ,26.78,31/12/29,1:1,3.38,3.49,3.48,,,,
NABQRP,27.03,31/12/29,1:1,3.64,3.74,3.13,,,,
NABKRP,27.25,31/12/29,1:1,3.87,3.97,4.30,,,,
NABKOR,27.27,31/12/29,1:1,3.89,3.90,3.37,,,,
NABKRW,27.44,31/12/29,1:1,4.05,4.15,3.98,,,,
NABKRX,27.70,31/12/29,1:1,4.31,4.41,4.12,-63,40,,
NABKMS,28.05,31/12/29,1:1,4.74,4.77,4.57,,,,
NABLOP,28.18,31/12/29,1:1,5.25,5.26,.475,,,,
NABKRU,28.19,31/12/29,1:1,4.81,4.91,3.67,,,,
NABKOT,28.20,31/12/29,1:1,4.82,4.83,4.89,,,,
NABQRQ,28.53,31/12/29,1:1,5.13,5.24,5.24,,,,
NABKOQ,29.74,31/12/29,1:1,6.36,6.37,6.27,,,,
NABKMR,30.21,31/12/29,1:1,6.90,6.93,6.86,-35,8,,
NABKOS,31.19,31/12/29,1:1,7.81,7.82,7.44,,,,
NABKZR,32.23,31/12/29,1:1,8.83,,8.35,,,,
NABKMQ,32.28,31/12/29,1:1,8.98,9.01,9.30,,,,
NABKMT,34.05,31/12/29,1:1,10.74,10.77,1.725,,,,
NABKMU,36.15,31/12/29,1:1,12.84,12.87,,,,,
,
Newcrest Min Last Sale Price $33.31,
NCMXOV,35.50,29/03/12,4:1,,,.55,,,,
NCMXOR,36.50,29/03/12,4:1,.99,1.00,.64,,,,
NCMXOU,38.00,29/03/12,4:1,1.37,1.38,1.115,,,,
NCMLOR,37.02,31/12/29,1:1,4.66,4.67,3.20,,,,
NCMLOQ,39.90,31/12/29,1:1,7.56,7.57,6.39,,,,
NCMKRY,40.32,31/12/29,1:1,6.96,7.01,5.90,,,,
NCMQRS,40.52,31/12/29,1:1,7.16,7.21,4.00,,,,
NCMQRP,41.05,31/12/29,1:1,7.69,7.74,6.97,,,,
NCMKRU,41.88,31/12/29,1:1,8.53,8.58,7.14,,,,
NCMKRT,41.89,31/12/29,1:1,8.53,8.58,7.60,,,,
NCMKOS,41.92,31/12/29,1:1,8.56,8.57,8.50,,,,
NCMLOP,41.92,31/12/29,1:1,9.58,9.59,9.16,,,,
NCMKMQ,42.00,31/12/29,1:1,8.67,8.70,4.21,,,,
NCMKRV,42.39,31/12/29,1:1,9.03,9.08,10.05,,,,
NCMKRZ,42.89,31/12/29,1:1,9.53,9.58,,,,,
NCMKRP,43.38,31/12/29,1:1,10.03,10.08,10.09,,,,
NCMKRW,43.88,31/12/29,1:1,10.53,10.58,9.11,,,,
NCMKMS,44.92,31/12/29,1:1,11.58,11.61,10.46,,,,
NCMKOR,45.00,31/12/29,1:1,11.64,11.65,12.66,,,,
NCMKRX,45.00,31/12/29,1:1,11.65,11.70,10.19,,,,
NCMKRS,46.00,31/12/29,1:1,12.65,12.70,6.80,,,,
NCMQRQ,47.00,31/12/29,1:1,13.65,13.70,,,,,
NCMKOP,48.00,31/12/29,1:1,14.65,14.66,5.37,,,,
NCMKRR,49.78,31/12/29,1:1,16.43,16.48,16.15,,,,
NCMKMR,50.60,31/12/29,1:1,17.26,17.29,,,,,
,
New Hope Corp Last Sale Price $5.72,
NHCKOP,7.20,31/12/29,1:1,1.475,1.485,,,,,
,
Nufarm Last Sale Price $4.62,
NUFKOP,6.00,31/12/29,1:1,1.375,1.385,,,,,
NUFKOQ,7.02,31/12/29,1:1,2.39,2.40,,,,,
,
News Corp Last Sale Price $18.65,
NWSKRS,21.51,31/12/29,1:1,2.84,2.87,2.78,,,,
NWSKRR,22.08,31/12/29,1:1,3.41,3.44,5.07,,,,
NWSKMP,22.63,31/12/29,1:1,3.96,3.99,3.12,,,,
NWSKRQ,23.02,31/12/29,1:1,4.34,4.37,3.94,,,,
NWSKOR,23.02,31/12/29,1:1,4.36,4.37,4.66,,,,
NWSKMR,24.02,31/12/29,1:1,5.36,5.39,4.35,,,,
NWSKMQ,25.05,31/12/29,1:1,6.39,6.42,3.51,,,,
,
Origin Energy Last Sale Price $13.58,
ORGKRR,15.76,31/12/29,1:1,2.14,2.19,4.63,,,,
ORGKOP,16.26,31/12/29,1:1,2.63,2.64,4.63,,,,
ORGKRP,16.57,31/12/29,1:1,2.95,3.00,2.94,,,,
ORGKRQ,17.06,31/12/29,1:1,3.44,3.49,3.28,,,,
ORGKMP,17.26,31/12/29,1:1,3.66,3.69,2.61,,,,
ORGKOQ,17.29,31/12/29,1:1,3.66,3.67,3.35,,,,
ORGKRT,17.76,31/12/29,1:1,4.13,4.18,,,,,
ORGKMQ,19.79,31/12/29,1:1,6.20,6.23,,,,,
,
Orica Last Sale Price $26.43,
ORIKRP,30.05,31/12/29,1:1,3.58,3.62,,,,,
ORIKRR,30.76,31/12/29,1:1,4.28,4.33,,,,,
ORIKMP,31.03,31/12/29,1:1,4.58,4.61,3.05,,,,
ORIKOP,31.53,31/12/29,1:1,5.06,5.07,10.59,,,,
ORIKRQ,31.54,31/12/29,1:1,5.08,5.12,6.77,,,,
ORIKOQ,33.65,31/12/29,1:1,7.19,7.20,,,,,
,
Oil Search Last Sale Price $6.97,
OSHKRP,8.01,31/12/29,1:1,1.04,1.045,.98,,,,
OSHKRS,8.15,31/12/29,1:1,1.18,1.185,,,,,
OSHKRQ,8.30,31/12/29,1:1,1.33,1.335,1.115,,,,
OSHKRR,8.50,31/12/29,1:1,1.53,1.535,.99,,,,
OSHKMP,9.01,31/12/29,1:1,2.02,2.05,,,,,
OSHKOQ,9.03,31/12/29,1:1,2.05,2.06,2.03,,,,
OSHKMQ,11.02,31/12/29,1:1,4.04,4.07,,,,,
,
OneSteel Last Sale Price $1.08,
OSTKOP,1.30,31/12/29,1:1,.21,.22,.16,-3.5,4000,,
OSTKRQ,1.40,31/12/29,1:1,.305,.325,.285,-1.5,600,,
OSTKOQ,1.69,31/12/29,1:1,.595,.605,.65,,,,
OSTKMQ,1.77,31/12/29,1:1,.675,.70,.16,,,,
OSTKMP,3.51,31/12/29,1:1,2.41,2.44,,,,,
,
OZ Minerals Last Sale Price $10.95,
OZLKRT,12.96,31/12/29,1:1,2.00,2.02,2.06,,,,
OZLKRU,13.21,31/12/29,1:1,2.24,2.26,1.82,,,,
OZLKRV,13.45,31/12/29,1:1,2.49,2.51,,,,,
OZLKOP,13.54,31/12/29,1:1,2.59,2.60,6.22,,,,
OZLKMP,13.71,31/12/29,1:1,2.75,2.78,4.05,,,,
OZLKRQ,13.75,31/12/29,1:1,2.79,2.81,3.52,,,,
OZLKRS,13.98,31/12/29,1:1,3.02,3.04,3.29,,,,
OZLKOQ,14.74,31/12/29,1:1,3.78,3.79,,,,,
OZLKRR,15.76,31/12/29,1:1,4.79,4.81,5.03,,,,
,
Panoramic Res Last Sale Price $1.28,
PANKMP,2.38,31/12/29,1:1,1.09,1.115,1.205,,,,
,
Paladin Energy Last Sale Price $1.85,
PDNKOP,2.17,31/12/29,1:1,.31,.32,.415,,,,
PDNKRQ,2.20,31/12/29,1:1,.345,.36,.37,,,,
PDNKOQ,2.21,31/12/29,1:1,.35,.36,,,,,
PDNKRP,2.25,31/12/29,1:1,.395,.41,.84,,,,
PDNKRR,2.30,31/12/29,1:1,.445,.46,.54,,,,
PDNKOZ,2.51,31/12/29,1:1,.65,.66,.83,,,,
PDNKRS,2.60,31/12/29,1:1,.745,.76,.925,,,,
PDNKMP,3.40,31/12/29,1:1,1.54,1.565,1.76,,,,
,
PanAust Last Sale Price $3.60,
PNAKRP,4.85,31/12/29,1:1,1.24,1.255,,,,,
PNAKRQ,5.00,31/12/29,1:1,1.39,1.405,1.47,,,,
PNAKOP,5.02,31/12/29,1:1,1.41,1.42,1.455,,,,
PNAKRR,5.26,31/12/29,1:1,1.645,1.66,,,,,
PNAKMP,5.43,31/12/29,1:1,1.82,1.845,1.99,,,,
PNAKOQ,5.51,31/12/29,1:1,1.905,1.915,,,,,
,
Perseus Min Last Sale Price $2.81,
PRUKRQ,3.60,31/12/29,1:1,.80,.795,,,,,
PRUKRR,4.00,31/12/29,1:1,1.20,1.195,1.15,,,,
PRUKRP,4.51,31/12/29,1:1,1.71,1.705,1.655,,,,
PRUKOP,5.02,31/12/29,1:1,2.23,2.24,1.18,,,,
,
Primary Health Care Last Sale Price $3.16,
PRYKRQ,3.70,31/12/29,1:1,.56,.575,.735,,,,
PRYKRP,3.90,31/12/29,1:1,.74,.745,,,,,
PRYKRR,4.12,31/12/29,1:1,.955,.96,1.37,,,,
PRYKOP,5.48,31/12/29,1:1,2.31,2.32,,,,,
,
Qantas Airways Last Sale Price $1.72,
QANKRP,1.92,31/12/29,1:1,.20,.21,.41,,,,
QANKRT,1.96,31/12/29,1:1,.235,.25,.235,-10,500,,
QANKRS,2.01,31/12/29,1:1,.285,.30,,,,,
QANKOP,2.07,31/12/29,1:1,.34,.35,.38,,,,
QANKRR,2.10,31/12/29,1:1,.375,.39,.69,,,,
QANKMP,2.23,31/12/29,1:1,.505,.53,.555,,,,
QANKOQ,2.62,31/12/29,1:1,.89,.90,.60,,,,
QANKMQ,3.51,31/12/29,1:1,1.78,1.805,,,,,
,
QBE Insurance Grp Last Sale Price $11.50,
QBEXOS,13.00,29/03/12,2:1,,,.70,,,,
QBEXOQ,14.00,29/03/12,2:1,,,,,,,
QBEXOP,15.00,29/03/12,2:1,1.945,1.955,1.80,,,,
QBELOP,12.75,31/12/29,1:1,1.745,1.755,,,,,
QBEKOU,14.00,31/12/29,1:1,2.50,2.51,1.865,,,,
QBEKRQ,14.01,31/12/29,1:1,,,2.53,,,,
QBEQRQ,14.50,31/12/29,1:1,,,,,,,
QBELOR,14.51,31/12/29,1:1,3.40,3.41,,,,,
QBEQRP,15.01,31/12/29,1:1,,,,,,,
QBEKRP,15.01,31/12/29,1:1,,,4.51,,,,
QBEKOT,15.51,31/12/29,1:1,4.00,4.01,4.40,,,,
QBELOQ,15.55,31/12/29,1:1,4.44,4.45,4.60,,,,
QBEKMQ,16.11,31/12/29,1:1,,,,,,,
QBEKRS,17.03,31/12/29,1:1,,,5.33,,,,
QBEKMP,17.52,31/12/29,1:1,,,6.59,,,,
QBEKOS,17.56,31/12/29,1:1,6.05,6.06,6.33,,,,
QBEKRR,18.54,31/12/29,1:1,,,7.07,,,,
,
QR National Last Sale Price $3.88,
QRNKMP,4.37,28/02/12,1:1,.43,,.43,,,,
QRNKRQ,4.45,31/12/29,1:1,.565,.57,,,,,
QRNKRS,4.52,31/12/29,1:1,.635,.64,.60,,,,
QRNKOZ,4.77,31/12/29,1:1,.88,.89,.675,,,,
QRNKOP,5.10,31/12/29,1:1,1.215,1.225,1.215,,,,
,
Ramsay Health Care Last Sale Price $18.30,
RHCKMP,24.08,31/12/29,1:1,5.76,5.79,5.45,,,,
,
Rio Tinto Last Sale Price $67.70,
RIOXOP,73.00,29/03/12,4:1,1.50,1.50,1.50,,40,,
RIOXOS,75.00,29/03/12,4:1,1.98,1.99,.425,,,,
RIOXOT,77.00,29/03/12,4:1,2.48,2.49,.475,,,,
RIOLOS,72.54,31/12/29,1:1,6.13,6.14,6.07,+44,28,,
RIOLOQ,73.53,31/12/29,1:1,7.01,7.02,7.44,,,,
RIOKMU,74.76,31/12/29,1:1,7.05,7.08,7.09,+7,150,,
RIOLOP,75.22,31/12/29,1:1,8.72,8.73,7.50,,,,
RIOKOR,77.28,31/12/29,1:1,9.47,9.48,10.04,,,,
RIOKMR,78.11,31/12/29,1:1,10.40,10.43,10.32,+72,3,,
RIOKOW,80.14,31/12/29,1:1,12.34,12.35,12.23,,,,
RIOKRW,80.68,31/12/29,1:1,12.86,12.99,14.00,,,,
RIOKRP,81.22,31/12/29,1:1,13.40,13.53,12.67,,,,
RIOKRR,81.55,31/12/29,1:1,13.73,13.86,12.36,,,,
RIOKRZ,82.05,31/12/29,1:1,14.23,14.36,11.70,,,,
RIOKRU,82.55,31/12/29,1:1,14.72,14.85,14.77,+90,200,,
RIOQRP,82.80,31/12/29,1:1,14.97,15.10,,,,,
RIOQRQ,83.05,31/12/29,1:1,15.22,15.35,13.00,,,,
RIOKMW,83.12,31/12/29,1:1,15.40,15.43,12.89,,,,
RIOQRW,83.55,31/12/29,1:1,15.72,15.85,15.97,,,,
RIOKOP,83.86,31/12/29,1:1,16.05,16.06,13.90,,,,
RIOQRR,84.04,31/12/29,1:1,16.22,16.35,16.70,,,,
RIOQRV,86.03,31/12/29,1:1,18.21,18.34,18.29,+126,5,,
RIOKOU,86.21,31/12/29,1:1,18.41,18.42,18.70,,,,
RIOKRT,87.03,31/12/29,1:1,19.20,19.33,19.80,,,,
RIOKRV,88.03,31/12/29,1:1,20.20,20.33,20.23,-34,90,,
RIOKOY,89.03,31/12/29,1:1,21.23,21.24,,,,,
RIOQRT,90.04,31/12/29,1:1,22.22,22.35,,,,,
RIOKOZ,95.03,31/12/29,1:1,27.23,27.24,,,,,
RIOQRS,100.05,31/12/29,1:1,32.22,32.35,30.78,,,,
RIOKZR,105.72,31/12/29,1:1,37.89,,36.42,,,,
RIOKMT,111.13,31/12/29,1:1,43.42,43.45,38.89,,,,
,
ResMed Inc Last Sale Price $2.74,
RMDKOQ,3.20,31/12/29,1:1,.455,.465,,,,,
RMDKRQ,3.26,31/12/29,1:1,.515,.52,,,,,
RMDKRP,3.40,31/12/29,1:1,.66,.665,1.09,,,,
RMDKRR,3.60,31/12/29,1:1,.86,.865,1.245,,,,
RMDKMP,4.02,31/12/29,1:1,1.26,1.285,1.27,,,,
RMDKOP,4.02,31/12/29,1:1,1.27,1.28,,,,,
,
Resolute Min Last Sale Price $1.96,
RSGKOP,2.80,31/12/29,1:1,.83,.84,.755,,,,
,
Seek Last Sale Price $6.68,
SEKKRQ,7.27,28/02/12,1:1,.63,,.63,,130,,
SEKKRP,7.75,31/12/29,1:1,1.07,1.075,1.175,-54,500,,
SEKKOP,8.22,31/12/29,1:1,1.53,1.54,1.57,,,,
SEKKOQ,9.02,31/12/29,1:1,2.34,2.35,,,,,
SEKKMP,10.01,31/12/29,1:1,3.31,3.34,3.34,-2,100,,
,
Sandfire Res Last Sale Price $8.15,
SFRKRP,10.50,31/12/29,1:1,2.33,2.36,5.74,,,,
SFRKRR,10.75,31/12/29,1:1,2.58,2.61,,,,,
SFRKRQ,11.00,31/12/29,1:1,2.83,2.86,,,,,
SFRKOQ,11.03,31/12/29,1:1,2.86,2.87,,,,,
SFRKRS,11.25,31/12/29,1:1,3.08,3.11,3.45,,,,
SFRKRT,11.50,31/12/29,1:1,3.33,3.36,,,,,
SFRKOR,13.03,31/12/29,1:1,4.86,4.87,4.97,,,,
,
Sims Metal Mgt Last Sale Price $15.25,
SGMKOP,17.71,31/12/29,1:1,2.45,2.48,5.82,,,,
SGMKRR,18.26,31/12/29,1:1,3.01,3.02,,,,,
SGMKRP,18.76,31/12/29,1:1,3.50,3.51,5.18,,,,
SGMKOQ,19.05,31/12/29,1:1,3.79,3.80,5.24,,,,
SGMKRQ,19.26,31/12/29,1:1,4.00,4.01,5.02,,,,
,
Stockland Last Sale Price $3.11,
SGPKRQ,3.90,31/12/29,1:1,.775,.79,,,,,
SGPKRR,4.09,31/12/29,1:1,.965,.98,,,,,
SGPKOP,4.29,31/12/29,1:1,1.17,1.18,1.07,,,,
SGPKRP,4.30,31/12/29,1:1,1.18,1.195,1.11,,,,
SGPKMP,4.39,31/12/29,1:1,1.265,1.29,,,,,
SGPKOQ,4.89,31/12/29,1:1,1.775,1.785,,,,,
,
Sonic Healthcare Last Sale Price $11.74,
SHLKRR,13.54,31/12/29,1:1,1.80,1.805,,,,,
SHLKRP,14.01,31/12/29,1:1,2.27,2.28,2.27,,,,
SHLKRQ,14.52,31/12/29,1:1,2.78,2.79,2.93,,,,
SHLKMP,16.25,31/12/29,1:1,4.49,4.52,4.47,,,,
,
Santos Last Sale Price $14.02,
STOXOQ,14.25,29/03/12,2:1,,,.33,,,,
STOXOR,14.75,29/03/12,2:1,.545,.555,,,,,
STOXOS,38.00,29/03/12,2:1,,,.32,,,,
STOKRQ,15.89,31/12/29,1:1,1.835,1.87,2.06,,,,
STOQRR,16.11,31/12/29,1:1,2.06,2.10,,,,,
STOQRP,16.36,31/12/29,1:1,2.31,2.35,2.85,,,,
STOKOP,16.53,31/12/29,1:1,2.47,2.48,2.38,,,,
STOKRS,16.61,31/12/29,1:1,2.56,2.60,2.93,,,,
STOKRV,16.86,31/12/29,1:1,2.81,2.85,2.67,,,,
STOQRQ,17.11,31/12/29,1:1,3.06,3.10,,,,,
STOKOR,17.19,31/12/29,1:1,3.13,3.14,3.38,,,,
STOKRW,17.36,31/12/29,1:1,3.31,3.35,,,,,
STOKMP,17.38,31/12/29,1:1,3.34,3.37,3.40,,,,
STOKRP,17.61,31/12/29,1:1,3.55,3.59,2.25,,,,
STOKRR,17.86,31/12/29,1:1,3.80,3.84,2.04,,,,
STOKRT,18.10,31/12/29,1:1,4.05,4.09,1.62,,,,
STOKOQ,18.35,31/12/29,1:1,4.30,4.31,7.50,,,,
,
Suncorp Grp Last Sale Price $7.96,
SUNKRR,9.51,31/12/29,1:1,1.535,1.55,1.49,+18,200,,
SUNKOP,9.79,31/12/29,1:1,1.82,1.83,1.77,,,,
SUNKRP,9.83,31/12/29,1:1,1.855,1.87,1.66,,,,
SUNKRS,10.14,31/12/29,1:1,2.16,2.18,2.27,,,,
SUNKRT,10.44,31/12/29,1:1,2.46,2.48,2.38,,,,
SUNKMQ,10.60,31/12/29,1:1,2.63,2.66,1.70,,,,
SUNKRQ,10.83,31/12/29,1:1,2.86,2.88,,,,,
SUNKOQ,11.24,31/12/29,1:1,3.27,3.28,3.15,,,,
SUNKMR,11.46,31/12/29,1:1,3.48,3.51,,,,,
,
Seven Grp Hldgs Last Sale Price $8.66,
SVWKMP,12.02,31/12/29,1:1,3.34,3.37,,,,,
,
Seven West Media Last Sale Price $3.89,
SWMKOP,4.75,31/12/29,1:1,.855,.865,1.32,,,,
SWMKRR,4.90,31/12/29,1:1,1.00,1.015,1.56,,,,
SWMQRP,5.00,31/12/29,1:1,1.10,1.115,1.56,,,,
SWMKRQ,5.25,31/12/29,1:1,,,1.025,,,,
SWMKOQ,5.51,31/12/29,1:1,1.615,1.625,,,,,
SWMKMP,6.01,31/12/29,1:1,2.10,2.13,,,,,
,
Sydney Airport Last Sale Price $2.65,
SYDKRQ,3.15,31/12/29,1:1,.50,.505,,,,,
SYDKRR,3.35,31/12/29,1:1,.695,.70,,,,,
SYDKOQ,3.50,31/12/29,1:1,.855,.865,,,,,
SYDKRP,3.62,31/12/29,1:1,.965,.97,,,,,
SYDKOP,4.52,31/12/29,1:1,1.875,1.885,,,,,
,
Tabcorp Hldgs Last Sale Price $2.71,
TAHKRP,3.27,31/12/29,1:1,.55,.565,,,,,
TAHKRQ,3.38,31/12/29,1:1,.66,.675,.69,,,,
TAHKOP,3.50,31/12/29,1:1,.78,.79,.685,,,,
TAHKRR,3.63,31/12/29,1:1,.905,.92,,,,,
TAHKMP,3.75,31/12/29,1:1,1.025,1.05,,,,,
TAHKRS,3.89,31/12/29,1:1,1.17,1.185,,,,,
TAHKOQ,4.38,31/12/29,1:1,1.665,1.675,,,,,
,
Transurban Grp Last Sale Price $5.58,
TCLKRR,6.46,31/12/29,1:1,.875,.88,1.13,,,,
TCLKOP,6.64,31/12/29,1:1,1.065,1.075,,,,,
TCLKRQ,6.88,31/12/29,1:1,1.30,1.305,,,,,
TCLKRP,7.12,31/12/29,1:1,1.535,1.54,,,,,
TCLKMP,7.87,31/12/29,1:1,2.27,2.30,,,,,
,
Telecom Corp of NZ Last Sale Price $1.67,
TELKMP,2.23,31/12/29,1:1,.55,.575,,,,,
,
Ten Network Hldgs Last Sale Price $0.80,
TENKRR,1.10,31/12/29,1:1,.30,.305,,,,,
TENKRQ,1.18,31/12/29,1:1,.38,.385,,,,,
TENKOR,1.20,31/12/29,1:1,.395,.405,,,,,
TENKMP,1.25,31/12/29,1:1,.435,.46,,,,,
TENKOQ,1.35,31/12/29,1:1,.55,.56,.425,,,,
TENKRP,1.45,31/12/29,1:1,.65,.655,,,,,
,
Telstra Corp Last Sale Price $3.26,
TLSXOQ,3.50,29/03/12,2:1,.19,.20,,,,,
TLSXOP,3.60,29/03/12,2:1,.24,.25,,,,,
TLSKRU,3.55,31/12/29,1:1,.275,.29,,,,,
TLSLOP,3.56,31/12/29,1:1,.355,.365,.31,,,,
TLSKMR,3.62,31/12/29,1:1,.34,.365,.32,,,,
TLSKRQ,3.62,31/12/29,1:1,.35,.365,.36,,,,
TLSKMP,3.67,31/12/29,1:1,.39,.415,,,,,
TLSKMS,3.72,31/12/29,1:1,.445,.47,.27,,,,
TLSKRR,3.72,31/12/29,1:1,.445,.46,.485,,,,
TLSLOQ,3.80,31/12/29,1:1,.595,.605,.205,,,,
TLSQRP,3.83,31/12/29,1:1,.56,.575,,,,,
TLSKOP,3.87,31/12/29,1:1,.59,.60,.635,,,,
TLSQRQ,3.93,31/12/29,1:1,.66,.675,,,,,
TLSKMQ,3.94,31/12/29,1:1,.665,.69,1.10,,,,
TLSKOQ,4.08,31/12/29,1:1,.805,.815,.85,,,,
,
US 10yr Note Fut Cbt,
TN1KRQ,139.00,31/12/29,1:1,6.94,6.97,,,,,
TN1KRP,155.00,31/12/29,1:1,21.79,21.82,,,,,
,
US 5yr Note Fut Cbt,
TN5KRQ,130.00,31/12/29,1:1,6.08,6.11,,,,,
TN5KRP,145.00,31/12/29,1:1,20.00,20.03,,,,,
,
Toll Hldgs Last Sale Price $5.70,
TOLKMQ,6.00,28/02/12,1:1,.55,,.55,,,,
TOLKOP,6.15,28/02/12,1:1,,,.625,,,,
TOLKRP,6.29,31/12/29,1:1,.63,,.63,,,,
TOLKOQ,7.02,31/12/29,1:1,1.325,1.335,1.365,-4.5,30,,
TOLKMP,7.51,31/12/29,1:1,1.795,1.825,2.70,,,,
,
Tatts Grp Last Sale Price $2.53,
TTSKRQ,2.90,31/12/29,1:1,.37,.375,,,,,
TTSKOP,2.91,31/12/29,1:1,.37,.38,.36,-3.5,100,,
TTSKRP,3.05,31/12/29,1:1,.52,.525,,,,,
TTSKRR,3.16,31/12/29,1:1,.625,.63,,,,,
TTSKMP,3.41,31/12/29,1:1,.865,.89,,,,,
,
Treasury Wine Estates Last Sale Price $3.89,
TWEKRR,4.79,31/12/29,1:1,.89,.905,,,,,
TWEKOP,4.95,31/12/29,1:1,1.055,1.065,,,,,
TWEKRP,4.95,31/12/29,1:1,1.05,1.065,1.095,,,,
TWEKRQ,5.10,31/12/29,1:1,1.20,1.21,,,,,
,
UGL Last Sale Price $12.43,
UGLKRR,15.20,31/12/29,1:1,2.71,2.77,2.00,,,,
UGLKRP,15.67,31/12/29,1:1,3.19,3.25,,,,,
UGLKMP,15.67,31/12/29,1:1,3.23,3.26,2.92,,,,
UGLKRQ,16.20,31/12/29,1:1,3.71,3.77,4.45,,,,
UGLKMQ,19.71,31/12/29,1:1,7.26,7.29,6.35,,,,
,
Westpac Banking Last Sale Price $20.68,
WBCXOU,22.00,29/03/12,2:1,.885,.895,.86,,,,
WBCXOV,22.50,29/03/12,2:1,1.13,1.14,1.13,+9,80,,
WBCXOS,23.00,29/03/12,2:1,1.365,1.375,1.37,-4,50,,
WBCXOT,24.00,29/03/12,2:1,1.87,1.88,,,,,
WBCLOS,22.01,31/12/29,1:1,1.80,1.81,,,,,
WBCQRT,22.78,31/12/29,1:1,2.10,2.10,,,,,
WBCKRZ,22.82,31/12/29,1:1,2.14,2.14,1.31,,,,
WBCQRQ,23.02,31/12/29,1:1,2.34,2.34,,,,,
WBCKOT,23.03,31/12/29,1:1,2.37,2.38,2.92,,,,
WBCQRS,23.04,31/12/29,1:1,2.36,2.36,,,,,
WBCLOQ,23.27,31/12/29,1:1,3.01,3.02,3.00,-47,15,,
WBCKRV,23.29,31/12/29,1:1,2.62,2.62,2.63,-1,60,,
WBCQRR,23.45,31/12/29,1:1,2.78,2.78,3.06,,,,
WBCKRX,23.64,31/12/29,1:1,2.96,2.96,2.80,,,,
WBCKMR,24.04,31/12/29,1:1,3.34,3.37,3.77,,,,
WBCKRR,24.05,31/12/29,1:1,3.37,3.37,3.13,,,,
WBCLOP,24.26,31/12/29,1:1,4.00,4.01,,,,,
WBCKRT,24.29,31/12/29,1:1,3.62,3.62,3.76,,,,
WBCKOS,24.31,31/12/29,1:1,3.65,3.66,3.65,,,,
WBCKRU,24.51,31/12/29,1:1,3.84,3.83,3.56,,,,
WBCKRY,24.77,31/12/29,1:1,4.10,4.10,,,,,
WBCQRP,25.04,31/12/29,1:1,4.37,4.37,,,,,
WBCLOR,25.28,31/12/29,1:1,5.02,5.03,,,,,
WBCKRQ,25.31,31/12/29,1:1,4.64,4.64,4.81,,,,
WBCKOP,25.86,31/12/29,1:1,5.20,5.21,4.88,,,,
WBCKRP,26.01,31/12/29,1:1,5.34,5.34,6.44,,,,
WBCKMP,26.04,31/12/29,1:1,5.34,5.37,4.23,,,,
WBCKOV,27.01,31/12/29,1:1,6.35,6.36,,,,,
WBCKRS,27.31,31/12/29,1:1,6.63,6.63,6.69,+6,300,,
WBCKZP,27.65,31/12/29,1:1,6.97,,8.20,,,,
WBCKMQ,28.04,31/12/29,1:1,7.34,7.37,7.40,+11,8,,
WBCKOQ,29.67,31/12/29,1:1,9.01,9.02,10.02,,,,
WBCKMS,31.06,31/12/29,1:1,10.37,10.40,,,,,
WBCKMT,32.31,31/12/29,1:1,11.61,11.64,,,,,
WBCKMU,34.31,31/12/29,1:1,13.62,13.65,,,,,
,
Westfield Grp Last Sale Price $8.75,
WDCQRP,10.26,31/12/29,1:1,1.52,1.515,1.46,,,,
WDCKOR,10.50,31/12/29,1:1,1.755,1.765,1.805,-8,50,,
WDCKMP,10.80,31/12/29,1:1,2.03,2.06,1.745,,,,
WDCKOQ,11.08,31/12/29,1:1,2.33,2.34,2.59,,,,
,
Wesfarmers Last Sale Price $28.80,
WESXOR,31.00,29/03/12,2:1,1.265,1.275,,,,,
WESXOS,32.00,29/03/12,2:1,1.755,1.765,,,,,
WESXOP,34.00,29/03/12,2:1,2.75,2.76,,,,,
WESLOR,31.32,31/12/29,1:1,3.15,3.16,,,,,
WESLOP,33.36,31/12/29,1:1,5.09,5.10,,,,,
WESQRQ,34.86,31/12/29,1:1,5.98,6.06,5.86,,,,
WESKOT,35.31,31/12/29,1:1,6.44,6.45,,,,,
WESKRU,35.33,31/12/29,1:1,6.46,6.54,6.63,,,,
WESQRP,35.36,31/12/29,1:1,6.48,6.56,6.33,,,,
WESLOQ,35.41,31/12/29,1:1,7.14,7.15,6.30,,,,
WESKRV,35.83,31/12/29,1:1,6.96,7.04,9.05,,,,
WESKRR,36.37,31/12/29,1:1,7.50,7.58,6.71,,,,
WESKZP,36.56,31/12/29,1:1,7.68,,7.09,,,,
WESKOS,36.86,31/12/29,1:1,8.00,8.01,7.95,,,,
WESKRT,36.90,31/12/29,1:1,8.03,8.11,7.20,,,,
WESKMP,37.18,31/12/29,1:1,8.37,8.40,6.90,,,,
WESKRS,37.39,31/12/29,1:1,8.51,8.59,8.31,,,,
WESKOQ,38.00,31/12/29,1:1,9.13,9.14,6.54,,,,
WESKMQ,41.35,31/12/29,1:1,12.53,12.56,8.06,,,,
,
Whitehaven Coal Last Sale Price $5.55,
WHCKRR,7.01,31/12/29,1:1,1.445,1.46,2.14,,,,
WHCKRP,7.16,31/12/29,1:1,1.595,1.61,,,,,
WHCKRS,7.26,31/12/29,1:1,1.70,1.715,1.775,,,,
WHCKOP,7.49,31/12/29,1:1,1.92,1.93,1.665,,,,
WHCKRQ,7.51,31/12/29,1:1,1.95,1.965,,,,,
WHCKOQ,8.02,31/12/29,1:1,2.45,2.46,,,,,
WHCKMP,10.02,31/12/29,1:1,4.46,4.49,,,,,
,
WorleyParsons Last Sale Price $29.80,
WORKRR,34.01,31/12/29,1:1,4.21,4.22,9.03,,,,
WORKMP,34.10,31/12/29,1:1,4.28,4.31,4.74,,,,
WORKRU,34.51,31/12/29,1:1,4.71,4.72,5.60,,,,
WORQRR,35.01,31/12/29,1:1,5.21,5.22,,,,,
WORQRP,35.51,31/12/29,1:1,5.71,5.72,5.68,-12,90,,
WORKOP,35.58,31/12/29,1:1,5.83,5.84,10.40,,,,
WORKRQ,36.00,31/12/29,1:1,6.20,6.20,4.81,,,,
WORQRQ,37.00,31/12/29,1:1,7.20,7.21,,,,,
WORKOS,40.07,31/12/29,1:1,10.31,10.32,,,,,
,
Woolworths Last Sale Price $24.95,
WOWXOP,26.00,29/03/12,2:1,.64,.65,.625,,,,
WOWXOT,26.50,29/03/12,2:1,.88,.89,,,,,
WOWXOQ,27.00,29/03/12,2:1,1.125,1.135,1.17,,,,
WOWKMQ,28.00,31/12/29,1:1,3.04,3.07,8.30,,,,
WOWKRP,28.10,31/12/29,1:1,3.15,3.16,3.51,,,,
WOWKOQ,28.28,31/12/29,1:1,3.34,3.35,3.20,,,,
WOWKRQ,29.11,31/12/29,1:1,4.15,4.16,3.81,,,,
WOWQRP,29.54,31/12/29,1:1,4.59,4.60,,,,,
WOWKOP,29.85,31/12/29,1:1,4.90,4.91,4.68,,,,
WOWKMP,30.04,31/12/29,1:1,5.07,5.10,3.86,,,,
WOWKRR,30.11,31/12/29,1:1,5.16,5.17,5.76,,,,
,
Woodside Petroleum Last Sale Price $36.90,
WPLXOQ,14.00,29/03/12,4:1,,,.425,,,,
WPLXOR,37.00,29/03/12,4:1,,,,,,,
WPLLOS,38.49,31/12/29,1:1,2.44,2.45,,,,,
WPLLOQ,39.61,31/12/29,1:1,3.55,3.56,4.77,,,,
WPLKMQ,41.61,31/12/29,1:1,4.69,4.72,4.36,,,,
WPLKRQ,42.00,31/12/29,1:1,4.94,5.10,10.01,,,,
WPLKOQ,42.08,31/12/29,1:1,5.02,5.03,9.08,,,,
WPLKRS,42.50,31/12/29,1:1,5.44,5.60,,,,,
WPLLOR,42.62,31/12/29,1:1,6.56,6.57,,,,,
WPLKRR,42.99,31/12/29,1:1,5.93,6.09,6.21,+67,50,,
WPLQRS,43.50,31/12/29,1:1,6.44,6.60,6.22,,,,
WPLKOS,43.61,31/12/29,1:1,6.55,6.56,,,,,
WPLKMS,43.72,31/12/29,1:1,6.80,6.83,5.06,,,,
WPLQRQ,43.99,31/12/29,1:1,6.93,7.09,,,,,
WPLQRR,44.49,31/12/29,1:1,7.43,7.59,,,,,
WPLLOT,44.49,31/12/29,1:1,8.44,8.45,,,,,
WPLKRV,44.99,31/12/29,1:1,7.93,8.09,7.71,,,,
WPLQRP,45.49,31/12/29,1:1,8.43,8.59,,,,,
WPLKOT,46.49,31/12/29,1:1,9.44,9.45,,,,,
,
Westfield Retail Tr Last Sale Price $2.50,
WRTKOP,2.92,31/12/29,1:1,.41,.42,,,,,
WRTKRP,2.93,31/12/29,1:1,.425,.43,.365,,,,
WRTKRT,3.02,31/12/29,1:1,.515,.52,,,,,
WRTKRS,3.17,31/12/29,1:1,.67,.675,.825,,,,
WRTKRR,3.27,31/12/29,1:1,.765,.77,,,,,
WRTKMP,3.42,31/12/29,1:1,.91,.935,1.06,,,,
WRTKRQ,3.43,31/12/29,1:1,.925,.93,,,,,
WRTKOQ,3.52,31/12/29,1:1,1.01,1.02,,,,,
,
Western Areas Last Sale Price $5.61,
WSAKOP,6.88,31/12/29,1:1,1.27,1.28,1.705,,,,
WSAKMP,8.02,31/12/29,1:1,2.39,2.42,2.73,,,,
,
Wotif.com Hldgs Last Sale Price $4.55,
WTFKMP,5.92,31/12/29,1:1,1.355,1.38,2.05,,,,
,
Crude Oil (Nymex) futures,
ZCLKRS,121.50,31/12/29,.10:1,,,1.30,,,,
ZCLQRP,123.05,31/12/29,.10:1,1.495,1.50,,,,,
ZCLKOQ,123.61,31/12/29,.10:1,1.415,1.445,,,,,
ZCLKRT,123.66,31/12/29,.10:1,1.435,1.46,2.31,,,,
ZCLKRR,128.91,31/12/29,.10:1,1.92,1.95,1.815,,,,
ZCLKRZ,129.91,31/12/29,.10:1,2.17,2.20,3.79,,,,
ZCLKOR,131.56,31/12/29,.10:1,2.15,2.18,,,,,
ZCLKRU,134.89,31/12/29,.10:1,2.47,,2.41,,,,
ZCLKOS,139.51,31/12/29,.10:1,2.89,2.92,,,,,
ZCLKOP,149.98,31/12/29,.10:1,3.86,3.89,1.18,,,,
,
Comex Gold Futures,
ZGCKOQ,1894.57,31/12/29,.01:1,1.115,1.145,,,,,
ZGCKOR,1940.85,31/12/29,.01:1,1.545,1.575,,,,,
ZGCKRY,1992.51,31/12/29,.01:1,2.04,2.07,5.39,,,,
ZGCKRS,2040.10,31/12/29,.01:1,2.67,2.71,,,,,
ZGCKOS,2040.26,31/12/29,.01:1,2.47,2.50,,,,,
ZGCKRP,2046.61,31/12/29,.01:1,2.54,2.57,2.89,,,,
ZGCKRR,2092.53,31/12/29,.01:1,3.20,3.23,4.92,,,,
ZGCKRV,2099.18,31/12/29,.01:1,3.03,3.06,3.55,,,,
ZGCKRX,2121.44,31/12/29,.01:1,3.24,3.27,5.20,,,,
ZGCQRP,2191.76,31/12/29,.01:1,3.90,3.91,,,,,
ZGCQRQ,2291.39,31/12/29,.01:1,4.82,4.84,,,,,
,
Comex Copper Futures,
ZHGKOR,4.52,31/12/29,1:1,.59,.62,.62,,,,
ZHGKOS,4.77,31/12/29,1:1,.825,.855,.865,,,,
ZHGKOP,5.02,31/12/29,1:1,1.055,1.085,,,,,
ZHGKOQ,5.28,31/12/29,1:1,1.295,1.325,,,,,
ZHGQRQ,439.76,31/12/29,.10:1,5.89,5.91,,,,,
ZHGKRT,443.55,31/12/29,.10:1,5.63,5.68,6.24,,,,
ZHGQRP,458.28,31/12/29,.10:1,6.60,6.63,,,,,
ZHGKRR,464.03,31/12/29,.10:1,7.12,7.17,8.35,,,,
ZHGKRP,477.41,31/12/29,.10:1,8.36,8.41,9.44,,,,
ZHGKRU,477.41,31/12/29,.10:1,9.02,9.06,,,,,
ZHGQRR,498.96,31/12/29,.10:1,10.37,10.40,,,,,
,
Nymex Natural Gas,
ZNGKRR,3.42,31/12/29,1:1,.695,.72,1.64,,,,
ZNGQRP,3.42,31/12/29,1:1,.655,.66,,,,,
ZNGKRV,3.53,31/12/29,1:1,.745,.77,.625,,,,
ZNGKRQ,3.53,31/12/29,1:1,.81,.835,,,,,
ZNGKRU,3.63,31/12/29,1:1,.845,.87,,,,,
ZNGKRT,3.73,31/12/29,1:1,.93,.96,,,,,
,
Palladium Futures (CME),
ZPAKRP,816.14,31/12/29,.01:1,1.015,1.05,,,,,
ZPAKRT,826.66,31/12/29,.01:1,1.205,1.235,1.51,,,,
ZPAKRQ,847.29,31/12/29,.01:1,1.305,1.335,,,,,
ZPAKRU,848.23,31/12/29,.01:1,1.42,1.45,,,,,
ZPAKRR,897.13,31/12/29,.01:1,1.77,1.80,,,,,
,
Platinum Futures (CME),
ZPLKRR,1942.70,31/12/29,.01:1,2.20,2.24,2.05,,,,
ZPLQRP,1944.59,31/12/29,.01:1,2.40,2.42,,,,,
ZPLKRQ,1993.07,31/12/29,.01:1,2.67,2.71,,,,,
ZPLKRP,2048.58,31/12/29,.01:1,3.18,3.22,,,,,
ZPLKRS,2048.58,31/12/29,.01:1,3.43,3.47,,,,,
,
Comex Silver Futures,
ZSIKRT,39.44,31/12/29,.10:1,,,,,,,
ZSIKRZ,39.56,31/12/29,.10:1,,,,,,,
ZSIKOQ,39.76,31/12/29,.10:1,.385,.415,,,,,
ZSIQRP,39.85,31/12/29,.10:1,.405,.41,,,,,
ZSIQRQ,40.86,31/12/29,.10:1,.50,.505,,,,,
ZSIKRS,42.00,31/12/29,.10:1,,,,,,,
ZSIKRU,42.00,31/12/29,.10:1,,,,,,,
ZSIKOR,43.74,31/12/29,.10:1,.755,.785,,,,,
ZSIKRW,46.00,31/12/29,.10:1,,,1.08,,,,
ZSIKOS,47.71,31/12/29,.10:1,1.125,1.155,,,,,
ZSIKOP,51.85,31/12/29,.10:1,1.505,1.535,,,,,
,
Barrier Installment Warrants,
AGL Energy Last Sale Price $13.80,
AGKSZU,7.41,04/02/19,1:1,6.39,,,,,,
AGKSZX,8.58,04/02/19,1:1,5.23,,5.99,,,,
AGKSRX,6.18,06/08/21,1:1,7.63,7.63,,,,,
AGKSRU,7.39,06/08/21,1:1,6.41,6.41,6.49,,,,
AGKSRT,8.58,06/08/21,1:1,5.23,5.23,5.22,-6,15,,
,
Asciano Last Sale Price $4.89,
AIOSZW,1.89,28/12/17,1:1,2.99,,1.07,,,,
AIOSZX,2.57,04/02/19,1:1,2.30,,1.97,,,,
AIOSRW,1.89,06/08/21,1:1,2.99,3.01,,,,,
AIOSRX,2.20,06/08/21,1:1,2.67,2.69,,,,,
AIOSRT,2.57,06/08/21,1:1,2.30,2.32,,,,,
,
Aust Infrastructure Fd Last Sale Price $2.04,
AIXSRX,1.03,06/08/21,1:1,1.01,1.015,,,,,
,
Amcor Last Sale Price $6.91,
AMCSZX,3.16,04/02/19,1:1,3.73,,4.00,,,,
AMCSRX,2.70,06/08/21,1:1,4.20,4.22,,,,,
AMCSRT,3.14,06/08/21,1:1,3.75,3.77,,,,,
,
AMP Last Sale Price $3.98,
AMPSZX,2.18,04/02/19,1:1,1.795,,1.855,,,,
AMPSZW,3.10,04/02/19,1:1,.88,,1.125,,,,
AMPSRX,1.58,06/08/21,1:1,2.39,2.40,2.68,,,,
AMPSRT,2.18,06/08/21,1:1,1.795,1.80,1.92,,,,
AMPSRW,3.10,06/08/21,1:1,.88,.885,1.12,,,,
,
ANZ Banking Grp Last Sale Price $21.88,
ANZJR2,14.54,06/09/12,1:1,7.38,7.35,7.69,,,,
ANZSZX,4.94,04/02/19,1:1,16.98,,16.63,,,,
ANZSZW,9.53,04/02/19,1:1,12.38,,11.47,,,,
ANZSZV,12.17,04/02/19,1:1,9.74,,9.85,,,,
ANZSRT,4.94,06/08/21,1:1,16.98,16.95,,,,,
ANZSRX,8.67,06/08/21,1:1,13.24,13.21,12.45,,,,
ANZSRW,9.53,06/08/21,1:1,12.38,12.35,12.08,,,,
ANZSRV,12.17,06/08/21,1:1,9.74,9.71,9.55,,,,
,
APA Grp Last Sale Price $4.82,
APASRX,2.41,06/08/21,1:1,2.39,2.41,,,,,
APASRY,2.91,06/08/21,1:1,1.895,1.91,,,,,
,
ASX Last Sale Price $31.25,
ASXSZX,10.56,04/02/19,1:1,20.68,,17.27,,,,
ASXSZW,16.24,04/02/19,1:1,15.00,,13.40,,,,
ASXSRT,10.56,06/08/21,1:1,20.68,20.69,,,,,
ASXSRX,11.77,06/08/21,1:1,19.48,19.49,,,,,
ASXSRW,16.24,06/08/21,1:1,15.00,15.01,,,,,
,
Bendigo & Adelaide Bk Last Sale Price $7.64,
BENJR2,6.04,24/07/12,1:1,1.62,1.605,2.13,,,,
BENSRX,5.00,06/08/21,1:1,2.66,2.65,2.87,,,,
,
Berkshire Hathaway Inc Class B,
BHASRX,36.70,06/08/21,1:1,37.67,37.86,,,,,
,
BHP Billiton Last Sale Price $35.75,
BHPSZX,14.11,04/02/19,1:1,21.61,,20.63,,,,
BHPSZW,18.18,04/02/19,1:1,17.54,,19.31,,,,
BHPSZU,19.62,04/02/19,1:1,16.10,,17.55,,,,
BHPSZV,24.24,04/02/19,1:1,11.48,,11.36,,,,
BHPSRT,14.11,06/08/21,1:1,21.61,21.65,,,,,
BHPSRX,17.11,06/08/21,1:1,18.61,18.65,16.94,,,,
BHPSRW,18.18,06/08/21,1:1,17.54,17.58,17.19,,,,
BHPSRU,19.62,06/08/21,1:1,16.10,16.14,16.36,,,,
BHPSRV,24.24,06/08/21,1:1,11.48,11.52,11.49,+1,50,,
,
iShares MSCI Brazil etf,
BIFSRX,30.12,06/08/21,1:1,33.33,33.44,,,,,
,
Boart Longyear Last Sale Price $4.33,
BLYSZW,1.76,28/12/17,1:1,2.55,,2.50,,,,
BLYSRX,1.56,04/02/19,1:1,2.76,2.78,,,,,
BLYSRW,1.76,06/08/21,1:1,2.55,2.57,1.97,,,,
,
Bank of Qld Last Sale Price $7.35,
BOQJR2,5.21,06/09/12,1:1,2.12,2.14,,,,,
BOQSZU,4.84,04/02/19,1:1,2.51,,2.67,,,,
BOQSRX,3.24,06/08/21,1:1,4.09,4.11,4.19,+9,15,,
BOQSRU,4.83,06/08/21,1:1,2.51,2.53,2.61,,,,
,
iShares MSCI BRIC etf,
BRFSRX,11.05,06/08/21,1:1,12.99,13.10,,,,,
,
BlueScope Steel Last Sale Price $0.41,
BSLSRX,0.26,06/08/21,1:1,.155,.16,.15,+2,400,,
BSLSRT,0.31,06/08/21,1:1,.105,.11,,,,,
,
Brambles Last Sale Price $7.09,
BXBSZX,2.80,04/02/19,1:1,4.29,,4.20,,,,
BXBSZV,3.71,04/02/19,1:1,3.38,,2.86,,,,
BXBSRT,2.80,06/08/21,1:1,4.29,4.29,,,,,
BXBSRX,2.91,06/08/21,1:1,4.19,4.19,4.22,,,,
BXBSRV,3.71,06/08/21,1:1,3.38,3.38,,,,,
,
iShares FTSE 25 etf,
C25SRX,19.04,06/08/21,1:1,17.80,17.87,,,,,
,
Cabcharge Aust Last Sale Price $5.54,
CABSRX,2.16,06/08/21,1:1,3.35,3.38,,,,,
CABSRU,2.64,06/08/21,1:1,2.87,2.90,1.87,,,,
,
C'wlth Bank of Aust Last Sale Price $49.15,
CBAJR1,35.69,15/06/12,1:1,13.52,13.47,14.50,,,,
CBASZX,8.48,04/02/19,1:1,40.73,,40.06,,,,
CBASZW,13.76,04/02/19,1:1,35.44,,34.65,,,,
CBASZV,24.22,04/02/19,1:1,24.98,,25.25,,,,
CBASZU,29.69,04/02/19,1:1,19.52,,19.18,,,,
CBASRT,8.48,06/08/21,1:1,40.73,40.68,39.77,,,,
CBASRW,13.76,06/08/21,1:1,35.44,35.39,33.42,,,,
CBASRX,21.62,06/08/21,1:1,27.58,27.53,27.19,,,,
CBASRV,24.22,06/08/21,1:1,24.98,24.93,24.52,,,,
CBASRU,29.69,06/08/21,1:1,19.52,19.47,19.50,+44,5,,
,
Coca-Cola Amatil Last Sale Price $11.79,
CCLSZX,3.66,04/02/19,1:1,8.11,,7.15,,,,
CCLSZW,5.47,04/02/19,1:1,6.30,,5.85,,,,
CCLSRT,3.66,06/08/21,1:1,8.11,8.13,,,,,
CCLSRX,4.95,06/08/21,1:1,6.83,6.85,,,,,
CCLSRW,5.47,06/08/21,1:1,6.30,6.32,,,,,
,
Cochlear Last Sale Price $60.23,
COHSZX,24.97,04/02/19,1:1,35.17,,25.50,,,,
COHSZW,32.21,04/02/19,1:1,27.93,,22.05,,,,
COHSRT,24.97,06/08/21,1:1,35.17,35.26,,,,,
COHSRX,31.15,06/08/21,1:1,29.00,29.09,20.85,,,,
COHSRW,32.21,06/08/21,1:1,27.93,28.02,,,,,
,
C'wlth Prop Office Last Sale Price $0.97,
CPASZX,0.43,04/02/19,1:1,.535,,,,,,
CPASRX,0.37,06/08/21,1:1,.595,.61,,,,,
CPASRT,0.43,06/08/21,1:1,.535,.55,.53,,,,
,
Computershare Last Sale Price $7.70,
CPUSZV,3.71,28/12/17,1:1,3.99,,4.61,,,,
CPUSZW,5.18,04/02/19,1:1,2.51,,2.94,,,,
CPUSRX,3.19,06/08/21,1:1,4.50,4.51,,,,,
CPUSRV,3.71,06/08/21,1:1,3.99,4.00,4.03,,8,,
CPUSRW,5.18,06/08/21,1:1,2.51,2.52,2.53,,,,
,
CSL Last Sale Price $33.19,
CSLSZW,13.48,28/12/17,1:1,19.72,,,,,,
CSLSZX,20.11,04/02/19,1:1,13.10,,13.12,+81,8,,
CSLSRX,13.34,06/08/21,1:1,19.86,19.85,,,,,
CSLSRW,13.48,06/08/21,1:1,19.72,19.71,,,,,
CSLSRT,20.11,06/08/21,1:1,13.10,13.09,,,,,
,
CSR Last Sale Price $1.94,
CSRSZX,1.37,04/02/19,1:1,.56,,.965,,,,
CSRSRT,1.37,06/08/21,1:1,.56,.565,,,,,
,
Crown Last Sale Price $8.30,
CWNSZX,3.91,04/02/19,1:1,4.38,,4.44,,,,
CWNSRX,3.67,06/08/21,1:1,4.61,4.63,,,,,
CWNSRT,3.91,06/08/21,1:1,4.38,4.40,,,,,
,
David Jones Last Sale Price $2.75,
DJSSZX,1.44,04/02/19,1:1,1.31,,.925,,,,
DJSSRX,1.07,06/08/21,1:1,1.675,1.68,1.53,,,,
DJSSRT,1.44,06/08/21,1:1,1.31,1.315,,,,,
,
iShares Dow Jones US etf,
DJUSRX,29.56,06/08/21,1:1,34.23,34.30,,,,,
,
Downer EDI Last Sale Price $3.85,
DOWSRX,1.72,06/08/21,1:1,2.14,2.14,,,,,
,
DUET Grp Last Sale Price $1.77,
DUESZX,0.72,04/02/19,1:1,1.045,,.835,,,,
DUESRX,0.65,06/08/21,1:1,1.11,1.12,,,,,
DUESRT,0.72,06/08/21,1:1,1.045,1.055,1.02,,,,
,
Echo Entertainment Last Sale Price $4.34,
EGPSZX,1.34,04/02/19,1:1,3.00,,2.44,,,,
EGPSZW,1.92,04/02/19,1:1,2.42,,1.79,,,,
EGPSRT,1.34,06/08/21,1:1,3.00,3.01,2.12,,,,
EGPSRX,1.70,06/08/21,1:1,2.64,2.65,1.97,,,,
EGPSRW,1.92,06/08/21,1:1,2.42,2.43,,,,,
,
iShares MSCI Emerging Mkts etf,
EMKSRX,20.81,06/08/21,1:1,19.87,19.96,,,,,
,
Fortescue Metals Grp Last Sale Price $5.42,
FMGSZX,3.46,04/02/19,1:1,1.97,,1.96,,,,
FMGSRX,2.77,06/08/21,1:1,2.66,2.66,2.74,,,,
FMGSRT,3.45,06/08/21,1:1,1.98,1.975,1.99,,,,
,
Fleetwood Corp Last Sale Price $12.37,
FWDSZX,5.74,04/02/19,1:1,6.63,,6.49,,,,
FWDSRX,4.27,06/08/21,1:1,8.10,8.11,,,,,
FWDSRT,5.74,06/08/21,1:1,6.63,6.64,,,,,
,
Goodman Fielder Last Sale Price $0.69,
GFFSRW,0.30,06/08/21,1:1,.38,.385,.375,+15.5,75,,
,
Harvey Norman Last Sale Price $2.16,
HVNSZW,1.40,04/02/19,1:1,.76,,.455,,,,
HVNSRX,0.88,06/08/21,1:1,1.275,1.28,,,,,
HVNSRW,1.40,06/08/21,1:1,.76,.765,,,,,
,
iShares IBOXX HYCB etf,
HYGSRX,41.54,06/08/21,1:1,43.30,43.41,,,,,
,
iShares S&P India Nifty 50,
I50SRX,12.95,06/08/21,1:1,10.15,10.22,,,,,
,
Insurance Aust Grp Last Sale Price $3.28,
IAGSZX,2.01,04/02/19,1:1,1.25,,.975,,,,
IAGSRX,1.34,06/08/21,1:1,1.915,1.94,1.775,,,,
IAGSRT,2.01,06/08/21,1:1,1.25,1.275,.97,,,,
,
iShares S&P High Div Last Sale Price $14.11,
IHDSZX,7.45,04/02/19,1:1,6.55,,6.40,,,,
IHDSRX,5.79,06/08/21,1:1,8.21,,,,,,
IHDSRY,6.43,06/08/21,1:1,7.57,8.30,7.23,,,,
IHDSRT,7.43,06/08/21,1:1,6.57,7.30,5.82,,,,
,
iShares S&P/ASX 20 Last Sale Price $18.46,
ILCSRX,8.15,06/08/21,1:1,9.73,10.83,,,,,
ILCSRY,9.09,06/08/21,1:1,8.79,,,,,,
,
iShares MSCI Aus 200 Last Sale Price $18.54,
IOZSRX,9.54,06/08/21,1:1,8.46,9.20,,,,,
,
Incitec Pivot Last Sale Price $3.25,
IPLSRX,1.65,06/08/21,1:1,1.60,1.605,1.625,,160,,
,
JB Hi-Fi Last Sale Price $11.64,
JBHSRX,6.71,06/08/21,1:1,4.95,,4.51,,,,
,
Leighton Hldgs Last Sale Price $25.73,
LEISZX,6.68,04/02/19,1:1,19.05,,15.83,,,,
LEISZW,10.59,04/02/19,1:1,15.13,,15.40,,,,
LEISRT,6.68,06/08/21,1:1,19.05,19.06,,,,,
LEISRX,9.45,06/08/21,1:1,16.28,16.29,,,,,
LEISRW,10.59,06/08/21,1:1,15.13,15.14,12.29,,,,
,
Lend Lease Grp Last Sale Price $7.33,
LLCSZX,1.86,04/02/19,1:1,5.46,,5.65,,,,
LLCSZW,3.41,04/02/19,1:1,3.91,,3.98,,,,
LLCSZU,4.86,04/02/19,1:1,2.47,,2.86,,,,
LLCSZV,6.23,04/02/19,1:1,1.10,,1.07,,,,
LLCSRT,1.86,06/08/21,1:1,5.46,5.47,,,,,
LLCSRW,3.41,06/08/21,1:1,3.91,3.92,,,,,
LLCSRX,3.76,06/08/21,1:1,3.57,3.58,3.63,+11,80,,
LLCSRU,4.86,06/08/21,1:1,2.47,2.48,,,,,
LLCSRV,6.23,06/08/21,1:1,1.10,1.105,,,,,
,
iShares IBOXX IGCB etf,
LQDSRX,55.71,06/08/21,1:1,52.62,52.73,,,,,
,
Mirvac Grp Last Sale Price $1.17,
MGRSZX,0.55,04/02/19,1:1,.615,,.72,,,,
MGRSRX,0.43,06/08/21,1:1,.73,.74,,,,,
MGRSRT,0.55,06/08/21,1:1,.615,.625,,,,,
,
Macquarie Grp Last Sale Price $27.29,
MQGSZX,10.84,04/02/19,1:1,16.49,,16.01,,,,
MQGSZW,14.77,04/02/19,1:1,12.56,,9.01,,,,
MQGSRX,10.51,06/08/21,1:1,16.81,16.78,14.55,,,,
MQGSRT,10.84,06/08/21,1:1,16.49,16.46,,,,,
MQGSRW,14.77,06/08/21,1:1,12.56,12.53,9.20,,,,
,
Metcash Last Sale Price $4.24,
MTSJR2,2.71,06/09/12,1:1,1.52,1.535,,,,,
MTSSZX,1.78,04/02/19,1:1,2.45,,2.19,,,,
MTSSRX,1.71,06/08/21,1:1,2.52,2.54,,,,,
MTSSRT,1.78,06/08/21,1:1,2.45,2.47,,,,,
,
Myer Hldgs Last Sale Price $2.32,
MYRJR2,1.45,24/07/12,1:1,.86,.875,.625,,,,
MYRSZW,1.05,28/12/17,1:1,1.255,,1.065,,,,
MYRSZX,1.66,04/02/19,1:1,.65,,.855,,,,
MYRSRX,0.87,06/08/21,1:1,1.44,1.455,,,,,
MYRSRW,1.05,06/08/21,1:1,1.255,1.27,,,,,
MYRSRT,1.66,06/08/21,1:1,.65,.665,.63,,,,
,
National Aust Bank Last Sale Price $23.29,
NABJR2,15.84,06/09/12,1:1,7.53,7.45,7.64,,,,
NABSZX,7.67,04/02/19,1:1,15.71,,15.40,,,,
NABSZW,12.45,04/02/19,1:1,10.92,,10.90,,,,
NABSRT,7.67,06/08/21,1:1,15.70,15.63,15.43,,,,
NABSRX,9.95,06/08/21,1:1,13.42,13.34,13.51,,,,
NABSRW,12.45,06/08/21,1:1,10.91,10.84,10.75,,,,
,
Newcrest Min Last Sale Price $33.31,
NCMSZX,18.52,04/02/19,1:1,14.80,,15.01,,,,
NCMSRT,18.52,06/08/21,1:1,14.80,14.79,15.80,,,,
,
News Corp Last Sale Price $18.65,
NWSSZW,6.76,28/12/17,1:1,11.87,,,,,,
NWSSZX,9.61,04/02/19,1:1,9.02,,9.40,,,,
NWSSRW,6.76,06/08/21,1:1,11.87,11.89,,,,,
NWSSRX,7.25,06/08/21,1:1,11.39,11.41,,,,,
NWSSRT,9.61,06/08/21,1:1,9.02,9.04,,,,,
,
Origin Energy Last Sale Price $13.58,
ORGSZX,6.67,04/02/19,1:1,6.93,,6.75,,,,
ORGSZW,9.05,04/02/19,1:1,4.55,,4.40,,,,
ORGSRX,6.01,06/08/21,1:1,7.59,7.57,7.84,,,,
ORGSRT,6.67,06/08/21,1:1,6.93,6.91,6.55,,,,
ORGSRW,9.05,06/08/21,1:1,4.55,4.53,4.82,,,,
,
Orica Last Sale Price $26.43,
ORISZX,10.88,04/02/19,1:1,15.56,,12.06,,,,
ORISRT,10.88,06/08/21,1:1,15.56,15.55,,,,,
ORISRX,10.99,06/08/21,1:1,15.45,15.44,,,,,
,
Oil Search Last Sale Price $6.97,
OSHSZX,3.22,04/02/19,1:1,3.74,,3.17,,,,
OSHSRX,2.96,06/08/21,1:1,4.00,4.02,,,,,
OSHSRT,3.22,06/08/21,1:1,3.74,3.76,3.36,,,,
,
OZ Minerals Last Sale Price $10.95,
OZLSZX,6.24,04/02/19,1:1,4.71,,3.39,,,,
OZLSRX,5.03,06/08/21,1:1,5.92,5.93,6.40,,,,
OZLSRT,6.24,06/08/21,1:1,4.71,4.72,,,,,
,
Perpetual Last Sale Price $24.80,
PPTJR2,16.04,06/09/12,1:1,8.77,8.76,,,,,
PPTSZU,16.60,04/02/19,1:1,8.26,,6.90,,,,
PPTSRX,9.56,06/08/21,1:1,15.26,15.25,12.11,,,,
PPTSRU,16.56,06/08/21,1:1,8.25,8.24,7.85,,,,
,
Primary Health Care Last Sale Price $3.16,
PRYSZU,1.74,04/02/19,1:1,1.41,,1.60,,,,
PRYSZX,2.34,04/02/19,1:1,.81,,1.19,,,,
PRYSRX,1.31,06/08/21,1:1,1.835,1.85,,,,,
PRYSRU,1.73,06/08/21,1:1,1.415,1.43,,,,,
PRYSRT,2.34,06/08/21,1:1,.81,.825,.86,+38,700,,
,
Qantas Airways Last Sale Price $1.72,
QANSZT,0.80,28/12/17,1:1,.92,,.765,,,,
QANSZU,1.20,04/02/19,1:1,.52,,.405,,,,
QANSRX,0.73,06/08/21,1:1,.985,.985,.90,,,,
QANSRT,0.80,06/08/21,1:1,.92,.92,,,,,
QANSRU,1.20,06/08/21,1:1,.52,.52,.35,,,,
,
QBE Insurance Grp Last Sale Price $11.50,
QBESZW,8.33,04/02/19,1:1,,,2.23,,,,
QBESRX,5.61,06/08/21,1:1,,,6.35,,,,
QBESRW,8.33,06/08/21,1:1,,,3.36,,,,
,
QR National Last Sale Price $3.88,
QRNSZX,1.44,04/02/19,1:1,2.43,,1.53,,,,
QRNSRT,1.44,06/08/21,1:1,2.43,2.45,,,,,
QRNSRX,1.51,06/08/21,1:1,2.36,2.38,,,,,
,
Ramsay Health Care Last Sale Price $18.30,
RHCSRX,9.62,06/08/21,1:1,8.65,8.69,,,,,
,
Rio Tinto Last Sale Price $67.70,
RIOSZX,3.40,04/02/19,1:1,64.39,,83.70,,,,
RIOSZW,30.42,04/02/19,1:1,37.38,,40.81,,,,
RIOSZU,35.23,04/02/19,1:1,32.57,,37.05,,,,
RIOSZV,41.64,04/02/19,1:1,26.16,,26.10,-83,15,,
RIOSRT,3.40,06/08/21,1:1,64.39,64.30,,,,,
RIOSRW,30.42,06/08/21,1:1,37.38,37.29,38.67,,,,
RIOSRX,33.85,06/08/21,1:1,33.94,33.85,33.12,,,,
RIOSRU,35.23,06/08/21,1:1,32.57,32.48,35.00,,,,
RIOSRV,41.64,06/08/21,1:1,26.16,26.07,26.15,+8,50,,
,
ResMed Inc Last Sale Price $2.74,
RMDSZX,1.92,04/02/19,1:1,.805,,.58,,,,
RMDSRX,1.29,06/08/21,1:1,1.44,1.455,,,,,
RMDSRT,1.92,06/08/21,1:1,.81,.825,,,,,
,
SPDR 50 Fund Last Sale Price $41.20,
SFYSZX,18.23,04/02/19,1:1,22.77,,22.56,,,,
SFYSZW,23.48,04/02/19,1:1,17.53,,16.00,,,,
SFYSOX,22.19,19/11/20,1:1,19.00,,,,,,
SFYSRX,17.93,06/08/21,1:1,23.08,23.76,22.91,,,,
SFYSRT,18.23,06/08/21,1:1,22.77,23.45,,,,,
SFYSRW,23.48,06/08/21,1:1,17.53,18.21,17.40,,,,
,
Stockland Last Sale Price $3.11,
SGPSZU,1.79,04/02/19,1:1,1.315,,1.585,,,,
SGPSRX,1.15,06/08/21,1:1,1.96,1.965,2.12,,,,
SGPSRU,1.79,06/08/21,1:1,1.32,1.325,1.36,,,,
,
Sonic Healthcare Last Sale Price $11.74,
SHLSZX,5.82,04/02/19,1:1,5.90,,5.28,,,,
SHLSZW,7.86,04/02/19,1:1,3.87,,4.22,,,,
SHLSRX,5.01,06/08/21,1:1,6.71,6.73,,,,,
SHLSRT,5.82,06/08/21,1:1,5.90,5.92,,,,,
SHLSRW,7.86,06/08/21,1:1,3.87,3.89,,,,,
,
Spark Infrastructure Last Sale Price $1.40,
SKIJR2,0.81,24/07/12,1:1,.59,.595,.60,,,,
SKISZX,0.53,04/02/19,1:1,.86,,.79,,,,
SKISRT,0.53,06/08/21,1:1,.86,.87,,,,,
SKISRX,0.55,06/08/21,1:1,.845,.855,.825,,,,
,
SPDR Prop Fund Last Sale Price $7.65,
SLFSZX,3.23,04/02/19,1:1,4.44,,4.23,,,,
SLFSZW,4.46,04/02/19,1:1,3.21,,2.80,,,,
SLFSOX,4.08,19/11/20,1:1,3.62,,,,,,
SLFSRX,3.02,06/08/21,1:1,4.65,4.73,,,,,
SLFSRT,3.23,06/08/21,1:1,4.44,4.42,,,,,
SLFSRY,3.51,06/08/21,1:1,4.16,,,,,,
SLFSRW,4.46,06/08/21,1:1,3.21,3.29,3.13,,,,
,
iShares S&P 500 etf,
SP5SRX,59.40,06/08/21,1:1,67.19,67.26,,,,,
,
Santos Last Sale Price $14.02,
STOSZW,6.56,04/02/19,1:1,7.47,,4.68,,,,
STOSZX,8.35,04/02/19,1:1,5.68,,4.95,,,,
STOSRX,5.26,06/08/21,1:1,8.76,8.76,,,,,
STOSRW,6.56,06/08/21,1:1,7.47,7.46,6.93,,,,
STOSRT,8.35,06/08/21,1:1,5.68,5.68,4.03,,,,
,
SPDR 200 Fund Last Sale Price $40.08,
STWSZX,16.60,04/02/19,1:1,23.52,,21.87,,,,
STWSZU,20.87,04/02/19,1:1,19.25,,17.27,,,,
STWSZW,26.04,04/02/19,1:1,14.09,,13.70,,,,
STWSOX,22.96,19/11/20,1:1,17.16,,19.30,,,,
STWSRT,16.60,06/08/21,1:1,23.52,23.48,,,,,
STWSRX,17.45,06/08/21,1:1,22.67,22.63,22.62,,,,
STWSRY,19.73,06/08/21,1:1,20.39,,,,,,
STWSRU,20.87,06/08/21,1:1,19.25,19.21,17.79,,,,
STWSRW,26.04,06/08/21,1:1,14.09,14.05,13.77,,,,
,
Suncorp Grp Last Sale Price $7.96,
SUNJR1,5.87,24/07/12,1:1,2.09,2.10,2.30,,,,
SUNSZX,2.41,04/02/19,1:1,5.54,,5.85,,,,
SUNSZW,4.00,04/02/19,1:1,3.95,,4.29,,,,
SUNSRT,2.41,06/08/21,1:1,5.54,5.55,,,,,
SUNSRX,2.84,06/08/21,1:1,5.11,5.12,5.14,,50,,
SUNSRW,4.00,06/08/21,1:1,3.95,3.96,,,,,
,
Seven West Media Last Sale Price $3.89,
SWMJR2,2.21,24/07/12,1:1,1.675,1.68,1.705,-3,141,,
SWMSZW,1.49,28/12/17,1:1,2.40,,1.74,,,,
SWMSRX,1.04,06/08/21,1:1,2.84,2.85,1.75,,,,
SWMSRW,1.49,06/08/21,1:1,2.40,2.41,2.23,,,,
,
Sydney Airport Last Sale Price $2.65,
SYDSZW,0.55,04/02/19,1:1,2.08,,2.16,,,,
SYDSRX,0.55,06/08/21,1:1,2.08,2.10,,,,,
SYDSRT,0.72,06/08/21,1:1,1.92,1.935,,,,,
SYDSRW,1.22,06/08/21,1:1,1.42,1.435,1.41,,,,
,
SPDR MSCI Aus Sel HDY Last Sale Price $22.50,
SYISZX,12.15,04/02/19,1:1,9.55,,12.94,,,,
SYISOX,12.41,19/11/20,1:1,10.07,,10.73,,,,
SYISRX,9.32,06/08/21,1:1,12.37,13.73,,,,,
SYISRT,12.15,06/08/21,1:1,9.55,10.91,,,,,
,
Tabcorp Hldgs Last Sale Price $2.71,
TAHSZX,1.01,04/02/19,1:1,1.70,,1.37,,,,
TAHSZW,1.59,04/02/19,1:1,1.115,,1.18,,,,
TAHSRT,1.01,06/08/21,1:1,1.70,1.705,1.765,,,,
TAHSRX,1.32,06/08/21,1:1,1.39,1.395,1.41,,,,
TAHSRW,1.59,06/08/21,1:1,1.115,1.12,1.15,,,,
,
Transurban Grp Last Sale Price $5.58,
TCLSZX,1.86,04/02/19,1:1,3.71,,2.14,,,,
TCLSZW,2.93,04/02/19,1:1,2.63,,1.925,,,,
TCLSRT,1.86,06/08/21,1:1,3.71,3.73,,,,,
TCLSRX,2.19,06/08/21,1:1,3.37,3.39,,,,,
TCLSRW,2.93,06/08/21,1:1,2.63,2.65,,,,,
,
Telstra Corp Last Sale Price $3.26,
TLSJR1,2.24,15/06/12,1:1,1.015,1.02,1.025,,150,,
TLSSZW,1.19,04/02/19,1:1,2.06,,2.14,,,,
TLSSZX,1.48,04/02/19,1:1,1.775,,1.775,,,,
TLSSRX,1.15,06/08/21,1:1,2.10,2.11,2.13,+12,150,,
TLSSRW,1.19,06/08/21,1:1,2.06,2.07,2.01,,,,
TLSSRT,1.48,06/08/21,1:1,1.775,1.78,1.875,,,,
,
Toll Hldgs Last Sale Price $5.70,
TOLSZX,2.71,04/02/19,1:1,2.97,,2.14,,,,
TOLSZU,3.34,04/02/19,1:1,2.34,,1.625,,,,
TOLSRX,1.79,06/08/21,1:1,3.88,3.91,3.05,,,,
TOLSRT,2.71,06/08/21,1:1,2.97,3.00,2.08,,,,
TOLSRU,3.34,06/08/21,1:1,2.34,2.37,,,,,
,
Tatts Grp Last Sale Price $2.53,
TTSSZX,1.24,04/02/19,1:1,1.28,,1.205,,,,
TTSSRX,0.92,06/08/21,1:1,1.595,1.61,,,,,
TTSSRT,1.24,06/08/21,1:1,1.28,1.295,,,,,
,
UGL Last Sale Price $12.43,
UGLSZX,3.96,04/02/19,1:1,8.49,,9.02,,,,
UGLSZV,6.62,04/02/19,1:1,5.84,,,,,,
UGLSZW,8.13,04/02/19,1:1,4.33,,4.44,,,,
UGLSRT,3.96,06/08/21,1:1,8.49,8.47,,,,,
UGLSRX,5.16,06/08/21,1:1,7.30,7.28,6.40,,,,
UGLSRV,6.62,06/08/21,1:1,5.84,5.82,5.17,,,,
UGLSRW,8.13,06/08/21,1:1,4.33,4.31,4.81,,,,
,
Westpac Banking Last Sale Price $20.68,
WBCJR2,14.34,06/09/12,1:1,6.31,6.35,6.25,+38,15,,
WBCSZX,5.74,04/02/19,1:1,14.90,,15.28,,,,
WBCSZW,8.66,04/02/19,1:1,11.98,,12.15,,,,
WBCSZU,11.05,04/02/19,1:1,9.60,,9.38,,,,
WBCSZV,13.48,04/02/19,1:1,7.17,,7.32,,,,
WBCSRT,5.74,06/08/21,1:1,14.90,14.94,,,,,
WBCSRW,8.66,06/08/21,1:1,11.98,12.02,12.94,,,,
WBCSRX,8.89,06/08/21,1:1,11.75,11.79,11.94,,,,
WBCSRU,11.05,06/08/21,1:1,9.60,9.64,9.40,,,,
WBCSRV,13.48,06/08/21,1:1,7.17,7.21,7.18,,,,
,
Westfield Grp Last Sale Price $8.75,
WDCJR1,6.12,15/06/12,1:1,2.61,2.64,2.88,,,,
WDCSZX,1.49,04/02/19,1:1,7.24,,5.88,,,,
WDCSZV,3.59,04/02/19,1:1,5.14,,4.12,,,,
WDCSZW,4.60,04/02/19,1:1,4.12,,3.86,,,,
WDCSRT,1.49,06/08/21,1:1,7.24,7.27,,,,,
WDCSRX,3.27,06/08/21,1:1,5.45,5.48,5.57,,,,
WDCSRV,3.59,06/08/21,1:1,5.14,5.17,,,,,
WDCSRW,4.60,06/08/21,1:1,4.12,4.15,4.30,,,,
,
Wesfarmers Option/Basket Last Sale Price $29.41,
WE3SZY,14.59,04/02/19,1:1,14.91,,19.21,,,,
WE3SRY,14.59,06/08/21,1:1,14.91,14.82,16.86,,,,
,
Wesfarmers Last Sale Price $28.80,
WESJR2,22.14,24/07/12,1:1,6.72,6.67,7.22,,,,
WESSZX,7.14,04/02/19,1:1,21.71,,22.07,,,,
WESSZW,12.38,04/02/19,1:1,16.48,,17.30,,,,
WESSZV,17.79,04/02/19,1:1,11.06,,13.86,,,,
WESSRT,7.14,06/08/21,1:1,21.71,21.66,,,,,
WESSRX,12.06,06/08/21,1:1,16.79,16.74,,,,,
WESSRW,12.38,06/08/21,1:1,16.48,16.43,17.58,,,,
WESSRV,17.79,06/08/21,1:1,11.06,11.01,11.05,-58,25,,
,
WorleyParsons Last Sale Price $29.80,
WORSZX,7.22,04/02/19,1:1,22.54,,17.80,,,,
WORSZW,12.03,04/02/19,1:1,17.73,,15.05,,,,
WORSZV,14.74,04/02/19,1:1,15.02,,14.49,,,,
WORSRT,7.22,06/08/21,1:1,22.54,22.59,,,,,
WORSRX,11.41,06/08/21,1:1,18.34,18.39,,,,,
WORSRW,12.03,06/08/21,1:1,17.73,17.78,,,,,
WORSRV,14.74,06/08/21,1:1,15.02,15.07,11.35,,,,
,
Woolworths Last Sale Price $24.95,
WOWJR1,17.04,24/07/12,1:1,7.90,7.92,8.15,,,,
WOWSZX,13.63,04/02/19,1:1,11.31,,11.39,,,,
WOWSRX,11.50,06/08/21,1:1,13.44,13.46,13.03,,,,
WOWSRT,13.63,06/08/21,1:1,11.31,11.33,12.23,,,,
,
Woodside Petroleum Last Sale Price $36.90,
WPLSZX,17.33,04/02/19,1:1,19.68,,16.44,,,,
WPLSZV,24.91,04/02/19,1:1,12.11,,10.50,,,,
WPLSRX,16.57,06/08/21,1:1,20.45,20.33,17.41,,,,
WPLSRT,17.33,06/08/21,1:1,19.69,19.57,13.20,,,,
WPLSRV,24.91,06/08/21,1:1,12.12,12.00,12.45,,,,
,
Westfield Retail Tr Last Sale Price $2.50,
WRTJR2,1.61,24/07/12,1:1,.875,.89,,,,,
,
Index Call Warrants,
S&P/ASX 200 Last Value 4262.7,
XJOVRM,3800.00,14/03/12,.005:1,2.30,2.31,1.83,,,,
XJOUMD,4000.00,14/03/12,.005:1,1.345,1.355,1.315,,,,
XJOVRO,4100.00,14/03/12,.005:1,.91,.91,.89,,,,
XJOWOF,4100.00,14/03/12,.005:1,1.005,1.01,1.405,,,,
XJOVRG,4123.00,14/03/12,.005:1,.75,.775,1.385,,,,
XJOUMA,4200.00,14/03/12,.005:1,.50,.51,.515,+.5,1000,,
XJOVRN,4200.00,14/03/12,.005:1,.435,.465,.48,,,,
XJOWOG,4200.00,14/03/12,.005:1,.645,.655,.72,,,,
XJOVRH,4300.00,14/03/12,.005:1,.14,.175,.285,,,,
XJOWOH,4300.00,14/03/12,.005:1,.365,.37,.425,,,,
XJOUMB,4400.00,14/03/12,.005:1,.087,.092,.092,-1.8,400,,
XJOVRA,4400.00,14/03/12,.005:1,.079,.078,,,,,
XJOWOI,4400.00,14/03/12,.005:1,.17,.175,,,,,
XJOVRI,4500.00,14/03/12,.005:1,.006,.04,.078,,,,
XJOWOK,4500.00,14/03/12,.005:1,.071,.076,.125,,,,
XJOUMC,4600.00,14/03/12,.005:1,.003,,.017,,,,
XJOTM5,4132.08,15/06/12,.23:1,46.73,51.47,47.46,,,,
XJOVRJ,4300.00,20/06/12,.005:1,.895,.895,,,,,
XJOVRK,4400.00,20/06/12,.005:1,.655,.655,,,,,
XJOVRL,4500.00,20/06/12,.005:1,.46,.46,,,,,
XJOTM1,4605.00,19/09/12,.005:1,.36,,.65,,,,
XJOTM2,4710.00,19/09/12,.005:1,.24,,1.095,,,,
XJOTM4,4710.00,17/09/14,.005:1,1.395,,1.42,,,,
XJOTMC,4908.00,18/03/15,.005:1,1.295,,,,,,
,
Index Put Warrants,
S&P/ASX 200 Last Value 4262.7,
XJOVRW,3350.00,14/03/12,.005:1,.001,.04,.38,,,,
XJOVRP,3400.00,14/03/12,.005:1,.001,.04,.086,,,,
XJOVRV,3550.00,14/03/12,.005:1,.001,.04,.135,,,,
XJOVRX,3730.00,14/03/12,.005:1,.003,.04,.016,,,,
XJOUMX,3800.00,14/03/12,.005:1,.017,,.105,,,,
XJOVRQ,3800.00,14/03/12,.005:1,.005,.04,.275,,,,
XJOUMW,4000.00,14/03/12,.005:1,.06,.065,.13,,,,
XJOWOY,4000.00,14/03/12,.005:1,.105,.11,.385,,,,
XJOWOX,4100.00,14/03/12,.005:1,.185,.19,.255,,,,
XJOWRQ,4100.00,14/03/12,.005:1,.105,.11,,,,,
XJOUMV,4200.00,14/03/12,.005:1,.225,.23,.27,,,,
XJOVRR,4200.00,14/03/12,.005:1,.13,.17,.91,,,,
XJOWOW,4200.00,14/03/12,.005:1,.33,.335,,,,,
XJOWOV,4300.00,14/03/12,.005:1,.55,.555,,,,,
XJOUMY,4400.00,14/03/12,.005:1,.80,.81,.74,,,,
XJOWOU,4400.00,14/03/12,.005:1,.855,.86,,,,,
XJOTM6,5050.32,15/06/12,.23:1,97.49,,,,,,
XJOWRP,4000.00,20/06/12,.005:1,.31,.39,.58,,,,
XJOVRZ,4100.00,20/06/12,.005:1,.42,.51,1.05,,,,
XJOVRY,4200.00,20/06/12,.005:1,.57,.67,.59,,,,
,
Index Barrier Call Warrants,
DJIA MINI E-CBOT,
DJXKRC,9101.61,31/12/29,.01:1,36.02,36.08,29.68,,,,
DJXKOD,9610.75,31/12/29,.01:1,31.27,31.33,,,,,
DJXKOC,10124.06,31/12/29,.01:1,26.50,26.56,,,,,
DJXKRB,10215.91,31/12/29,.01:1,25.68,25.74,,,,,
DJXKRG,10386.32,31/12/29,.01:1,24.10,24.16,,,,,
DJXKOB,10535.59,31/12/29,.01:1,22.69,22.75,,,,,
DJXKRE,10595.99,31/12/29,.01:1,22.15,22.21,9.11,,,,
DJXKRF,10762.83,31/12/29,.01:1,20.60,20.66,12.91,,,,
DJXKRM,10911.56,31/12/29,.01:1,19.22,19.28,,,,,
DJXKRL,11012.59,31/12/29,.01:1,18.30,18.33,,,,,
DJXKRK,11052.69,31/12/29,.01:1,17.91,17.97,,,,,
DJXKRA,11249.88,31/12/29,.01:1,16.09,16.14,16.53,,,,
DJXKOE,11338.30,31/12/29,.01:1,15.24,15.30,,,,,
DJXQRA,11450.77,31/12/29,.01:1,14.22,14.27,,,,,
DJXKRI,11651.66,31/12/29,.01:1,12.36,12.41,,,,,
DJXKRJ,11852.55,31/12/29,.01:1,10.49,10.55,,,,,
DJXKRD,12006.67,31/12/29,.01:1,9.06,9.11,,,,,
DJXKRH,12206.78,31/12/29,.01:1,7.21,7.26,,,,,
,
H-Shares IDX Futures,
HCXKRE,9553.73,31/12/29,.01:1,2.45,2.56,,,,,
HCXKRF,9804.83,31/12/29,.01:1,2.15,2.26,,,,,
HCXKRA,10055.93,31/12/29,.01:1,1.85,1.955,3.08,,,,
HCXKRD,10267.62,31/12/29,.01:1,1.60,1.70,,,,,
HCXKRC,10517.75,31/12/29,.01:1,1.30,1.40,,,,,
HCXKRB,11018.03,31/12/29,.01:1,,,1.68,,,,
,
Hang Seng IDX Futures,
HSXKRG,16128.03,31/12/29,.01:1,6.19,6.23,,,,,
HSXKRF,16250.47,31/12/29,.01:1,6.05,6.08,2.34,,,,
HSXKRB,16740.35,31/12/29,.01:1,5.46,5.50,,,,,
HSXKRI,16951.90,31/12/29,.01:1,5.21,5.24,,,,,
HSXKRK,17038.67,31/12/29,.01:1,5.10,5.14,,,,,
HSXKRC,17540.87,31/12/29,.01:1,4.50,4.54,1.495,,,,
HSXKRH,18043.07,31/12/29,.01:1,3.90,3.94,,,,,
HSXKRD,18545.26,31/12/29,.01:1,3.30,3.34,3.69,,,,
HSXKRJ,18974.41,31/12/29,.01:1,2.79,2.82,,,,,
HSXKRA,19474.69,31/12/29,.01:1,2.19,2.22,8.85,,,,
HSXKRE,19974.96,31/12/29,.01:1,1.59,1.62,,,,,
,
S&P/ASX 200 Banks Accum Ind,
J4AKRA,36611.39,31/12/29,.001:1,13.41,13.57,13.06,,,,
,
Nasdaq 100 E-MINI,
NDXKOB,1785.21,31/12/29,.01:1,7.64,7.67,5.26,,,,
NDXKOC,1887.46,31/12/29,.01:1,6.70,6.73,,,,,
NDXKRE,1920.84,31/12/29,.01:1,6.40,6.43,7.18,,,,
NDXKRG,2036.81,31/12/29,.01:1,5.33,5.35,,,,,
NDXKOA,2040.09,31/12/29,.01:1,5.28,5.31,2.04,,,,
NDXKRH,2094.89,31/12/29,.01:1,4.79,4.81,,,,,
NDXKRJ,2121.99,31/12/29,.01:1,4.53,4.56,,,,,
NDXKRF,2209.80,31/12/29,.01:1,3.72,3.75,,,,,
NDXKRD,2260.02,31/12/29,.01:1,3.25,3.28,2.91,,,,
NDXKRB,2310.24,31/12/29,.01:1,2.79,2.81,2.71,,,,
NDXKRI,2351.31,31/12/29,.01:1,2.41,2.43,,,,,
NDXKRA,2381.32,31/12/29,.01:1,2.13,2.15,,,,,
NDXKRC,2421.34,31/12/29,.01:1,1.76,1.78,1.685,,,,
,
Nikkei 225 (Ose),
NKXKOB,7113.09,31/12/29,.10:1,2.93,2.96,,,,,
NKXKRE,7186.17,31/12/29,.10:1,2.85,2.88,,,,,
NKXKOC,7525.61,31/12/29,.10:1,2.45,2.48,,,,,
NKXKRD,7665.86,31/12/29,.10:1,2.30,2.33,,,,,
NKXKZB,7762.51,31/12/29,.10:1,2.19,2.21,2.88,,,,
NKXKRJ,7779.54,31/12/29,.10:1,2.17,2.19,,,,,
NKXKOA,7846.78,31/12/29,.10:1,2.08,2.11,,,,,
NKXKRH,7888.23,31/12/29,.10:1,2.04,2.07,,,,,
NKXKRK,7995.45,31/12/29,.10:1,1.92,1.94,,,,,
NKXKRI,8095.90,31/12/29,.10:1,1.805,1.825,,,,,
NKXKRB,8216.43,31/12/29,.10:1,1.665,1.685,1.275,,,,
NKXKRF,8404.67,31/12/29,.10:1,1.445,1.47,,,,,
NKXKRG,8604.78,31/12/29,.10:1,1.215,1.24,,,,,
NKXKRC,8804.89,31/12/29,.10:1,.985,1.005,1.56,,,,
NKXKRA,9005.00,31/12/29,.10:1,.755,.775,,,,,
,
S&P500 EMINI Futures,
SPFKOI,959.92,31/12/29,.01:1,3.78,3.80,2.80,,,,
SPFKRB,963.62,31/12/29,.01:1,3.75,3.77,,,,,
SPFKZA,1013.69,31/12/29,.01:1,3.29,3.30,1.58,,,,
SPFKOC,1014.80,31/12/29,.01:1,3.27,3.29,2.18,,,,
SPFKRG,1060.07,31/12/29,.01:1,2.86,2.87,,,,,
SPFKOH,1061.59,31/12/29,.01:1,2.84,2.86,2.27,,,,
SPFKRI,1069.90,31/12/29,.01:1,2.77,2.78,,,,,
SPFKRD,1086.04,31/12/29,.01:1,2.62,2.63,4.32,,,,
SPFKRA,1098.37,31/12/29,.01:1,2.50,2.52,2.31,,,,
SPFKRJ,1126.25,31/12/29,.01:1,2.25,2.26,,,,,
SPFKRK,1136.36,31/12/29,.01:1,2.15,2.16,1.66,,,,
SPFKRL,1146.48,31/12/29,.01:1,2.06,2.07,.985,,,,
SPFKOG,1156.15,31/12/29,.01:1,1.96,1.98,1.57,,,,
SPFKRE,1185.26,31/12/29,.01:1,1.70,1.71,1.715,,,,
SPFKRM,1205.34,31/12/29,.01:1,1.515,1.52,,,,,
SPFKOD,1205.92,31/12/29,.01:1,1.50,1.52,2.50,,,,
SPFKRC,1235.48,31/12/29,.01:1,1.235,1.24,.965,,,,
SPFKRH,1250.69,31/12/29,.01:1,1.095,1.10,1.48,,,,
SPFKRF,1275.71,31/12/29,.01:1,.86,.87,,,,,
,
Consumer Discretionary Last Value 1291.4,
XDJKRA,6842.26,31/12/29,.001:1,2.09,2.15,,,,,
,
Energy Last Value 14394.6,
XEJKRA,72879.71,31/12/29,.001:1,24.01,24.35,4.36,,,,
,
Health Care Last Value 8245.7,
XHJKRA,39537.76,31/12/29,.001:1,9.91,10.11,,,,,
,
S&P/ASX 200 Last Value 4262.7,
XJOXOC,3800.00,15/03/12,.005:1,2.70,2.71,2.80,,,,
XJOXOH,3900.00,15/03/12,.005:1,2.21,2.22,2.13,,,,
XJOXOA,4000.00,15/03/12,.005:1,1.67,1.68,1.49,,,,
XJOXOE,4050.00,15/03/12,.005:1,1.47,1.48,,,,,
XJOXOI,4100.00,15/03/12,.005:1,1.19,1.20,1.16,-.5,200,,
XJOKZH,2984.34,31/12/29,.01:1,12.72,12.74,12.97,,,,
XJOKMI,3252.94,31/12/29,.01:1,10.03,10.05,,,,,
XJOKOL,3344.21,31/12/29,.01:1,9.11,,,,,,
XJOKRA,3381.06,31/12/29,.01:1,8.75,8.77,8.59,,,,
XJOKMF,3457.51,31/12/29,.01:1,7.99,8.01,7.42,,,,
XJOKOH,3475.55,31/12/29,.01:1,7.80,7.82,7.67,,,,
XJOKOJ,3500.00,31/12/29,.01:1,7.55,7.57,,,,,
XJOLOB,3528.85,31/12/29,.01:1,7.92,7.94,7.40,,,,
XJOKOM,3547.81,31/12/29,.01:1,7.08,7.10,5.63,,,,
XJOKRD,3586.34,31/12/29,.01:1,6.70,6.72,5.56,,,,
XJOKOG,3591.83,31/12/29,.01:1,6.64,6.66,6.95,,,,
XJOKMJ,3620.96,31/12/29,.01:1,6.35,6.37,6.35,-3,50,,
XJOLOA,3631.53,31/12/29,.01:1,7.09,7.11,1.495,,,,
XJOKRL,3632.94,31/12/29,.01:1,6.24,6.26,,,,,
XJOKRB,3637.66,31/12/29,.01:1,6.19,6.21,6.16,-8,80,,
XJOKOI,3650.00,31/12/29,.01:1,6.05,6.07,,,,,
XJOKRJ,3655.03,31/12/29,.01:1,6.01,6.03,,,,,
XJOQRA,3669.60,31/12/29,.01:1,5.87,5.89,2.57,,,,
XJOKOF,3694.50,31/12/29,.01:1,5.61,5.63,5.26,,,,
XJOKRH,3708.20,31/12/29,.01:1,5.48,5.50,5.17,,,,
XJOKRN,3736.77,31/12/29,.01:1,5.20,5.22,5.43,-8,10,,
XJOKML,3737.24,31/12/29,.01:1,5.19,5.21,4.32,,,,
XJOLOF,3738.20,31/12/29,.01:1,5.82,5.84,5.92,,,,
XJOQRG,3747.03,31/12/29,.01:1,5.09,5.11,,,,,
XJOKOE,3750.00,31/12/29,.01:1,5.05,5.07,,,,,
XJOKRG,3772.33,31/12/29,.01:1,4.84,4.86,5.10,,,,
XJOKOD,3802.30,31/12/29,.01:1,4.53,4.55,4.75,,,,
XJOKRK,3805.79,31/12/29,.01:1,4.51,4.53,2.69,,,,
XJOQRI,3835.22,31/12/29,.01:1,4.21,4.23,4.35,-5,23,,
XJOKRM,3837.77,31/12/29,.01:1,4.19,4.50,4.30,,,,
XJOKME,3838.51,31/12/29,.01:1,4.18,4.20,4.45,,,,
XJOLOE,3839.64,31/12/29,.01:1,4.81,4.83,4.24,,,,
XJOKOB,3842.98,31/12/29,.01:1,4.18,4.22,4.17,-13,500,,
XJOKRO,3852.00,31/12/29,.01:1,4.04,4.06,4.12,+216,22,,
XJOKOC,3900.00,31/12/29,.01:1,3.55,3.57,,,,,
XJOQRD,3902.03,31/12/29,.01:1,3.54,3.57,2.26,,,,
XJOLOD,3941.08,31/12/29,.01:1,3.78,3.80,3.82,-27,25,,
XJOQRH,3942.05,31/12/29,.01:1,3.14,3.16,3.45,,,,
XJOKOA,3950.00,31/12/29,.01:1,3.05,3.07,3.15,,400,,
,
S&P/ASX 200 Res Last Value 4791.7,
XJRKRA,19724.89,31/12/29,.001:1,4.35,4.46,,,,,
,
Materials Last Value 11339.8,
XMJKRA,62468.32,31/12/29,.001:1,11.51,11.87,10.70,,,,
,
Industrials Last Value 3745.1,
XNJKRA,21126.72,31/12/29,.001:1,7.60,7.72,,,,,
,
Consumer Staples Last Value 7327.3,
XSJKRA,43559.28,31/12/29,.001:1,10.78,11.00,,,,,
,
Utilities Last Value 4582.0,
XUJKRA,30933.89,31/12/29,.001:1,11.97,12.15,,,,,
,
Financial-x-A-REIT Last Value 4582.7,
XXJKRA,31015.51,31/12/29,.001:1,8.14,8.35,,,,,
,
Index Barrier Put Warrants,
DJIA MINI E-CBOT,
DJXKOR,13704.96,31/12/29,.01:1,6.63,6.69,7.54,,,,
DJXKRV,13781.27,31/12/29,.01:1,7.36,7.41,8.41,,,,
DJXKRP,13926.30,31/12/29,.01:1,8.70,8.75,10.46,,,,
DJXKOT,13995.18,31/12/29,.01:1,9.33,9.39,,,,,
DJXKRW,14027.61,31/12/29,.01:1,9.64,9.69,13.66,,,,
DJXQRP,14182.46,31/12/29,.01:1,11.08,11.13,13.33,,,,
DJXQRR,14346.09,31/12/29,.01:1,12.61,12.64,13.56,,,,
DJXKOS,14422.83,31/12/29,.01:1,13.29,13.35,,,,,
DJXQRS,14445.72,31/12/29,.01:1,13.53,13.56,13.49,,,,
DJXQRT,14644.97,31/12/29,.01:1,15.38,15.41,,,,,
DJXQRU,14844.22,31/12/29,.01:1,17.23,17.26,18.37,,,,
DJXQRQ,15058.21,31/12/29,.01:1,19.20,19.26,11.92,,,,
DJXQRV,15091.61,31/12/29,.01:1,19.52,19.56,,,,,
,
H-Shares IDX Futures,
HCXQRU,12667.84,31/12/29,.01:1,1.215,1.225,,,,,
HCXKRP,12770.42,31/12/29,.01:1,1.285,1.39,,,,,
HCXQRV,12867.13,31/12/29,.01:1,1.45,1.465,,,,,
HCXQRQ,12950.21,31/12/29,.01:1,1.50,1.605,,,,,
HCXQRT,13049.49,31/12/29,.01:1,1.67,1.68,,,,,
HCXQRW,13166.06,31/12/29,.01:1,1.81,1.82,,,,,
HCXQRR,13225.83,31/12/29,.01:1,1.83,1.935,1.90,,,,
HCXKRQ,13398.06,31/12/29,.01:1,2.03,2.14,,,,,
HCXQRP,13471.65,31/12/29,.01:1,2.12,2.23,,,,,
HCXQRS,13724.47,31/12/29,.01:1,2.43,2.53,,,,,
,
Hang Seng IDX Futures,
HSXQRP,22959.01,31/12/29,.01:1,1.97,2.00,2.00,,,,
HSXQRR,23377.23,31/12/29,.01:1,2.47,2.48,,,,,
HSXQRQ,23636.85,31/12/29,.01:1,2.78,2.81,3.45,,,,
HSXKRS,23699.04,31/12/29,.01:1,2.85,2.89,,,,,
HSXQRS,23875.39,31/12/29,.01:1,3.06,3.08,,,,,
HSXQRT,24273.91,31/12/29,.01:1,3.54,3.56,,,,,
HSXKZP,24746.01,31/12/29,.01:1,4.11,4.14,6.11,,,,
HSXKRP,24877.79,31/12/29,.01:1,4.26,4.30,4.28,,,,
HSXKRT,25141.05,31/12/29,.01:1,4.58,4.62,2.11,,,,
,
S&P/ASX 200 Banks Accum Ind,
J4AKRP,57877.08,31/12/29,.001:1,7.79,7.95,8.45,,,,
J4AKRQ,59936.91,31/12/29,.001:1,9.90,9.91,,,,,
,
Nasdaq 100 E-MINI,
NDXKOS,2742.49,31/12/29,.01:1,,,1.355,,,,
NDXKRQ,2788.20,31/12/29,.01:1,1.635,1.655,1.83,,,,
NDXKOT,2793.45,31/12/29,.01:1,1.66,1.69,,,,,
NDXKOU,2843.33,31/12/29,.01:1,2.12,2.15,,,,,
NDXKRW,2844.36,31/12/29,.01:1,2.15,2.17,,,,,
NDXQRQ,2887.78,31/12/29,.01:1,2.56,2.57,,,,,
NDXQRR,2889.14,31/12/29,.01:1,2.57,2.58,2.60,-34,100,,
NDXQRS,2988.77,31/12/29,.01:1,3.49,3.51,,,,,
,
Nikkei 225 (Ose),
NKXQRQ,10261.44,31/12/29,.10:1,.685,.695,,,,,
NKXKRR,10271.50,31/12/29,.10:1,.70,.72,,,,,
NKXQRR,10463.68,31/12/29,.10:1,.92,.93,,,,,
NKXKRP,10583.23,31/12/29,.10:1,1.06,1.08,,,,,
NKXKOP,10626.51,31/12/29,.10:1,1.08,1.11,,,,,
NKXKRQ,10782.91,31/12/29,.10:1,1.29,1.31,2.72,,,,
NKXKRS,10989.84,31/12/29,.10:1,1.525,1.55,1.48,,,,
NKXKRT,11110.00,31/12/29,.10:1,,,,,,,
NKXKOR,11473.09,31/12/29,.10:1,2.06,2.09,,,,,
NKXKOQ,13057.22,31/12/29,.10:1,3.89,3.92,,,,,
,
S&P500 EMINI Futures,
SPFKRZ,1438.13,31/12/29,.01:1,.64,.64,.64,-3,2040,,
SPFKOW,1452.23,31/12/29,.01:1,.755,.775,.795,-1,150,,
SPFKRU,1458.75,31/12/29,.01:1,.83,.84,.92,,,,
SPFKRX,1478.69,31/12/29,.01:1,1.015,1.025,,,,,
SPFKOX,1492.02,31/12/29,.01:1,1.125,1.145,1.815,,,,
SPFKRQ,1499.28,31/12/29,.01:1,1.205,1.215,1.525,,,,
SPFKRY,1527.17,31/12/29,.01:1,1.465,1.475,1.70,,,,
SPFKOY,1531.80,31/12/29,.01:1,1.49,1.51,1.525,-32,55,,
SPFKRT,1551.17,31/12/29,.01:1,1.69,1.69,2.39,,,,
SPFKZS,1580.23,31/12/29,.01:1,1.96,1.965,3.06,,,,
SPFKOZ,1580.29,31/12/29,.01:1,1.94,1.96,2.15,,,,
SPFQRP,1584.05,31/12/29,.01:1,1.995,1.995,,,,,
SPFQRR,1598.99,31/12/29,.01:1,2.13,2.14,,,,,
SPFQRS,1613.94,31/12/29,.01:1,2.27,2.28,,,,,
,
Consumer Discretionary Last Value 1291.4,
XDJKRP,10488.10,31/12/29,.001:1,1.55,1.605,2.54,,,,
,
Health Care Last Value 8245.7,
XHJKRP,62195.82,31/12/29,.001:1,12.74,12.94,,,,,
,
S&P/ASX 200 Last Value 4262.7,
XJOXOQ,4300.00,15/03/12,.005:1,.48,.49,.49,-1,630,,
XJOXOR,4400.00,15/03/12,.005:1,.92,.93,.925,-5,100,,
XJOXOS,4500.00,15/03/12,.005:1,1.48,1.49,2.19,,,,
XJOXOT,4600.00,15/03/12,.005:1,1.98,1.99,2.75,,,,
XJOXOP,4700.00,15/03/12,.005:1,2.53,2.54,,,,,
XJOLOT,4327.13,31/12/29,.01:1,1.285,1.305,1.15,-12.5,5,,
XJOLOU,4425.81,31/12/29,.01:1,2.31,2.33,2.10,-26,60,,
XJOQRP,4510.59,31/12/29,.01:1,2.52,2.54,2.89,,,,
XJOLOP,4519.76,31/12/29,.01:1,3.46,3.48,3.55,,,,
XJOQRX,4538.08,31/12/29,.01:1,2.80,2.82,2.75,,,,
XJOKOU,4550.00,31/12/29,.01:1,2.91,2.93,,,,,
XJOKMU,4567.60,31/12/29,.01:1,3.09,3.11,3.04,+1,75,,
XJOKRT,4576.16,31/12/29,.01:1,3.18,3.20,3.20,+23,45,,
XJOKOY,4587.36,31/12/29,.01:1,3.29,3.31,3.00,,,,
XJOQRW,4606.73,31/12/29,.01:1,3.48,3.50,4.31,,,,
XJOKOX,4613.39,31/12/29,.01:1,3.55,3.57,3.96,,,,
XJOLOQ,4618.34,31/12/29,.01:1,4.25,4.27,,,,,
XJOKO4,4651.69,31/12/29,.01:1,3.93,3.95,3.93,-1,10,,
XJOQRY,4653.74,31/12/29,.01:1,3.95,3.97,3.76,,,,
XJOKRP,4670.61,31/12/29,.01:1,4.12,4.14,3.89,,,,
XJOKMQ,4672.19,31/12/29,.01:1,4.13,4.15,4.23,,,,
XJOKO1,4700.32,31/12/29,.01:1,4.42,4.44,4.24,,,,
XJOQRV,4705.10,31/12/29,.01:1,4.47,4.49,5.46,,,,
XJOLOR,4716.92,31/12/29,.01:1,5.23,5.25,5.48,,,,
XJOKMW,4735.22,31/12/29,.01:1,4.76,4.78,4.49,,,,
XJOKRW,4739.66,31/12/29,.01:1,4.81,4.83,4.66,,,,
XJOKOV,4750.00,31/12/29,.01:1,4.91,4.93,,,,,
XJOKRR,4778.35,31/12/29,.01:1,5.20,5.22,6.01,,,,
XJOKOQ,4793.15,31/12/29,.01:1,5.35,5.37,5.35,+29,2,,
XJOQRU,4803.47,31/12/29,.01:1,5.45,5.47,,,,,
XJOKMP,4810.15,31/12/29,.01:1,5.51,5.53,5.98,,,,
XJOLOS,4815.50,31/12/29,.01:1,6.22,6.24,6.75,,,,
XJOKRS,4819.26,31/12/29,.01:1,5.61,5.63,5.68,,,,
XJOKO2,4837.85,31/12/29,.01:1,5.79,5.80,6.04,,,,
XJOKRU,4857.51,31/12/29,.01:1,5.99,6.01,6.01,,,,
XJOKRQ,4879.82,31/12/29,.01:1,6.21,6.23,6.05,,30,,
XJOKOP,4881.61,31/12/29,.01:1,6.23,6.25,6.26,,,,
XJOKZS,4882.67,31/12/29,.01:1,6.24,6.26,5.96,,,,
XJOQRT,4901.84,31/12/29,.01:1,6.43,6.45,7.33,,,,
XJOKOR,4925.00,31/12/29,.01:1,6.66,6.68,,,,,
XJOKMX,4932.65,31/12/29,.01:1,6.74,6.76,7.58,,,,
XJOKRV,4974.89,31/12/29,.01:1,7.16,7.18,7.05,,,,
XJOKOS,4975.00,31/12/29,.01:1,7.16,7.18,,,,,
XJOQRS,5000.22,31/12/29,.01:1,7.42,7.44,,,,,
XJOKOT,5025.00,31/12/29,.01:1,7.66,7.68,,,,,
XJOKRZ,5041.56,31/12/29,.01:1,7.83,7.85,8.52,,,,
XJOKZT,5086.18,31/12/29,.01:1,8.28,8.30,10.43,,,,
XJOQR1,5130.94,31/12/29,.01:1,8.72,8.74,,,,,
XJOKMY,5173.61,31/12/29,.01:1,9.15,9.17,,,,,
XJOKZZ,5179.79,31/12/29,.01:1,9.21,9.23,9.03,,,,
XJOQRR,5226.52,31/12/29,.01:1,9.68,9.70,9.73,,,,
XJOKMZ,5402.63,31/12/29,.01:1,11.44,11.46,,,,,
XJOKRY,5410.95,31/12/29,.01:1,11.52,11.54,11.76,,,,
XJOKZQ,5471.44,31/12/29,.01:1,12.13,12.15,14.50,,,,
XJOKMV,5599.79,31/12/29,.01:1,13.41,13.43,15.19,,,,
,
S&P/ASX 200 Res Last Value 4791.7,
XJRKRP,31182.07,31/12/29,.001:1,7.10,7.21,7.65,,,,
,
Industrials Last Value 3745.1,
XNJKRP,33233.89,31/12/29,.001:1,4.50,4.62,,,,,
,
Consumer Staples Last Value 7327.3,
XSJKRP,68521.96,31/12/29,.001:1,14.18,14.40,,,,,
,
Utilities Last Value 4582.0,
XUJKRP,48661.30,31/12/29,.001:1,5.75,5.93,,,,,
,
Financial-x-A-REIT Last Value 4582.7,
XXJKRP,48789.69,31/12/29,.001:1,9.62,9.83,,,,,
,
International Equity Call Warrants,
BHP Billiton,
ZBHWSC,0.01,02/03/12,1:1,30.03,30.27,32.19,,,,
ZBHWOC,0.01,23/07/12,1:1,30.03,30.25,30.16,+5,1,,
ZBHWOD,0.01,11/07/14,1:1,30.03,30.25,30.17,+6,1,,
ZBHWMA,0.01,31/10/14,1:1,30.05,30.36,30.20,+17,1,,
ZBHWMB,0.01,10/12/14,1:1,30.05,30.36,30.20,+17,1,,
,
Rio Tinto,
ZRIWSC,0.01,02/03/12,1:1,53.81,54.24,56.46,,,,
ZRIWOC,0.01,23/07/12,1:1,54.02,54.47,54.26,+72,1,,
ZRIWOD,0.01,11/07/14,1:1,54.02,54.47,54.26,+72,1,,
ZRIWMA,0.01,31/10/14,1:1,67.71,67.72,54.35,+50,1,,
,
International Equity Put Warrants,
International Equity Endowment Warrants,
International Equity Installment Warrants,
Currency Call Warrants,
Currency Warrant AUD/USD,
AXUWMA,10.50,14/03/12,1:1,.375,.385,,,,,
,
Currency Put Warrants,
Currency Warrant AUD/USD,
AXUWMP,10.00,14/03/12,1:1,.027,.037,,,,,
,
Commodity Call Warrants,
Comex Silver Futures,
ZSIWZB,37.00,25/06/13,.10:1,.605,,.59,,,,
ZSIVRA,35.00,25/11/13,.10:1,.765,,.735,,,,
ZSIVRB,40.00,25/11/13,.10:1,.565,,,,,,
,
Commodity Put Warrants,
International Index Call Warrants,
International Index Put Warrants,
